TESTE NÃO ORDENADO

3.7988000258337706e-05
2.436800059513189e-05
3.4146996767958626e-05
3.6774003092432395e-05
3.0336002964759246e-05
3.804199877777137e-05
3.0227001843741164e-05
2.994300302816555e-05
4.570000237436034e-05
3.1925999792292714e-05
2.9824001103406772e-05
2.669600144145079e-05
2.9499999072868377e-05
3.5033997846767306e-05
2.4190001568058506e-05
3.43489991792012e-05
2.4197997845476493e-05
2.890000178012997e-05
3.2779000321170315e-05
2.2953001462155953e-05
3.140999979223125e-05
3.530500180204399e-05
3.137399835395627e-05
1.7328999092569575e-05
2.857300205505453e-05
2.798500281642191e-05
1.8212998838862404e-05
2.039600076386705e-05
2.7346999559085816e-05
1.9158000213792548e-05
2.5959998311009258e-05
2.773700180114247e-05
2.34159997489769e-05
2.1689000277547166e-05
1.8729999283095822e-05
2.0649000362027436e-05
2.7018999389838427e-05
2.0961000700481236e-05
2.7188001695321873e-05
2.4983997718663886e-05
2.4075998226180673e-05
3.181300053256564e-05
1.454499943065457e-05
3.196699981344864e-05
2.568700074334629e-05
1.9039001927012578e-05
2.8941001801285893e-05
3.486999776214361e-05
1.6654998034937307e-05
2.6669000362744555e-05
1.8121998436981812e-05
3.166899841744453e-05
2.6837999030249193e-05
1.85349999810569e-05
3.0074999813223258e-05
1.7426002159481868e-05
3.230099900974892e-05
2.2141000954434276e-05
2.886299989768304e-05
2.56669991358649e-05
2.0940002286806703e-05
3.117300002486445e-05
2.5922003260347992e-05
2.638400110299699e-05
2.2518997866427526e-05
1.9749000784941018e-05
2.429499727440998e-05
2.174600012949668e-05
3.886800186592154e-05
2.606999987619929e-05
2.726499951677397e-05
1.847000021371059e-05
2.7035002858610824e-05
2.067500099656172e-05
2.0940002286806703e-05
3.1913001294014975e-05
2.968099943245761e-05
2.521900023566559e-05
2.6320998586015776e-05
2.8712998755509034e-05
2.891600161092356e-05
2.0204002794343978e-05
3.183299850206822e-05
2.084600055241026e-05
2.1490999642992392e-05
1.825900108087808e-05
3.248200300731696e-05
2.1928000933257863e-05
2.8061000193702057e-05
3.2482999813510105e-05
2.548400152591057e-05
2.569100252003409e-05
2.9702998290304095e-05
2.5418998120585456e-05
2.3792003048583865e-05
2.195699926232919e-05
1.8112998077413067e-05
2.2678999812342227e-05
2.2465999791165814e-05
2.445199788780883e-05
1.4868997823214158e-05
1.7692000255919993e-05
2.4617998860776424e-05
2.4831999326124787e-05
2.91559990728274e-05
3.008200292242691e-05
2.7298003260511905e-05
3.235599797335453e-05
2.4301003577420488e-05
2.4876997485989705e-05
2.9751998226856813e-05
2.4435001250822097e-05
2.284500078530982e-05
2.4315002519870177e-05
2.6388999685877934e-05
1.9200997485313565e-05
1.9800001609837636e-05
2.6811001589521766e-05
2.1814001229358837e-05
2.1027997718192637e-05
2.5414999981876463e-05
1.2644999515032396e-05
2.15580002986826e-05
2.5319000997114927e-05
2.154300091206096e-05
2.5173001631628722e-05
1.990599776036106e-05
1.4957000530557707e-05
2.193599721067585e-05
1.9955001334892586e-05
2.4274999304907396e-05
1.7965998267754912e-05
2.0397998014232144e-05
1.7295002180617303e-05
2.9740996978944167e-05
2.7528996724868193e-05
2.5211000320268795e-05
2.839099761331454e-05
2.6371999410912395e-05
2.8522001230157912e-05
1.7397000192431733e-05
2.7284997486276552e-05
2.3193999368231744e-05
3.284099875600077e-05
2.5727000320330262e-05
1.8525999621488154e-05
1.819300086935982e-05
2.3114000214263797e-05
2.438399678794667e-05
2.2190000890986994e-05
2.21779991989024e-05
2.52719983109273e-05
1.7360998754156753e-05
2.001300163101405e-05
2.663999839569442e-05
2.578899875516072e-05
2.945199958048761e-05
2.0370000129332766e-05
2.1422998543130234e-05
2.8810001822421327e-05
2.0806000975426286e-05
2.070199843728915e-05
3.2294003176502883e-05
2.2448999516200274e-05
3.2469000871060416e-05
2.696799856494181e-05
1.3799999578623101e-05
3.338799797347747e-05
2.794800093397498e-05
2.53610014624428e-05
2.7573001716518775e-05
2.907500311266631e-05
1.893399894470349e-05
2.4111999664455652e-05
2.1504001779248938e-05
2.401799793005921e-05
2.0284998754505068e-05
2.05469987122342e-05
2.155900074285455e-05
2.9081002139719203e-05
2.2240998077904806e-05
2.681900150491856e-05
2.5458000891376287e-05
2.1807998564327136e-05
2.8606998967006803e-05
1.9465998775558546e-05
2.1171999833313748e-05
2.5321001885458827e-05
2.5034998543560505e-05
3.0391998734558e-05
2.421700264676474e-05
1.598699964233674e-05
2.223600313300267e-05
3.070000093430281e-05
1.8299000657862052e-05
3.6124998587183654e-05
2.98529994324781e-05
3.606899917940609e-05
2.209199737990275e-05
3.2935000490397215e-05
2.8716996894218028e-05
3.1629999284632504e-05
1.843199788709171e-05
3.0641000194009393e-05
2.4549000954721123e-05
3.07890004478395e-05
2.7309000870445743e-05
3.7673999031540006e-05
3.184699744451791e-05
3.4721000702120364e-05
2.114700328093022e-05
3.812800059677102e-05
2.6278998120687902e-05
2.1654999727616087e-05
2.964599843835458e-05
3.315499998279847e-05
2.6526999135967344e-05
3.370999911567196e-05
2.2672000341117382e-05
2.432200199109502e-05
2.896699879784137e-05
2.07110024348367e-05
3.153899888275191e-05
2.2104999516159296e-05
3.717499930644408e-05
2.594800025690347e-05
4.523700044956058e-05
3.3623997296672314e-05
2.761599898803979e-05
2.3143998987507075e-05
3.3558000723132864e-05
2.4326000129804015e-05
3.547099913703278e-05
3.0114002584014088e-05
4.192300184513442e-05
1.9636001525213942e-05
3.337599991937168e-05
3.388100230949931e-05
3.175999881932512e-05
3.198799822712317e-05
2.9626000468852e-05
2.5261997507186607e-05
4.6907000069040805e-05
4.3683001422323287e-05
2.9112998163327575e-05
3.0577000870835036e-05
3.0350001907208934e-05
3.4012002288363874e-05
2.8827002097386867e-05
3.0279999919002876e-05
2.2913998691365123e-05
2.726599996094592e-05
3.325199941173196e-05
2.4185999791370705e-05
2.6902001991402358e-05
2.7287998818792403e-05
2.3177999537438154e-05
3.3521999284857884e-05
2.6285997591912746e-05
3.41179984388873e-05
2.3201999283628538e-05
3.48920002579689e-05
2.674399729585275e-05
3.4406999475322664e-05
2.548100019339472e-05
2.4633998691570014e-05
2.9499002266675234e-05
2.5403001927770674e-05
2.9590002668555826e-05
2.042900086962618e-05
2.4565997591707855e-05
2.4430999474134296e-05
3.497599755064584e-05
4.186499791103415e-05
1.6412999684689566e-05
2.1705996914533898e-05
2.044900247710757e-05
2.8079000912839547e-05
2.2362000891007483e-05
2.8906000807182863e-05
1.602300108061172e-05
2.761499854386784e-05
2.797900015139021e-05
2.3404001694871113e-05
2.3444001271855086e-05
2.28790013352409e-05
3.2171999919228256e-05
3.0661001801490784e-05
2.8127997211413458e-05
3.158999970764853e-05
3.619999915827066e-05
2.593500175862573e-05
2.4166998628061265e-05
2.5108998670475557e-05
2.8018999728374183e-05
2.563800080679357e-05
2.587599738035351e-05
2.37320018641185e-05
2.067300010821782e-05
2.229999881819822e-05
2.672899790923111e-05
3.364000076544471e-05
2.3192998924059793e-05
2.055600270978175e-05
2.445499922032468e-05
2.3388998670270666e-05
2.3485998099204153e-05
2.6052002795040607e-05
2.2293999791145325e-05
3.2902000384638086e-05
1.8524999177316204e-05
2.795699765556492e-05
1.793400224414654e-05
2.0031999156344682e-05
2.4794000637484714e-05
2.2874002752359957e-05
2.8459999157348648e-05
2.6039997464977205e-05
2.239099922007881e-05
2.1912997908657417e-05
2.6179000997217372e-05
3.695099803735502e-05
2.400700032012537e-05
3.1925999792292714e-05
1.9014998542843387e-05
2.7527003112481907e-05
3.150100019411184e-05
2.8529000701382756e-05
2.089800182147883e-05
2.080999911413528e-05
2.0073999621672556e-05
2.344899985473603e-05
3.315499998279847e-05
1.867399987531826e-05
2.467999729560688e-05
2.680200122995302e-05
2.6089997845701873e-05
2.3461001546820626e-05
2.982200021506287e-05
2.9511997126974165e-05
2.5538000045344234e-05
1.949400029843673e-05
2.4361997930100188e-05
1.8769998860079795e-05
2.1259002096485347e-05
2.4845001462381333e-05
2.5692999770399183e-05
2.150499858544208e-05
2.6616999093675986e-05
2.3139997210819274e-05
2.2050000552553684e-05
3.0259998311521485e-05
3.099999958067201e-05
2.7004000003216788e-05
2.216400025645271e-05
3.6298999475548044e-05
2.4521003069821745e-05
2.7931000659009442e-05
1.9693998183356598e-05
2.0775001758011058e-05
2.6431000151205808e-05
2.5752000510692596e-05
2.6005996915046126e-05
2.537500040489249e-05
2.577099803602323e-05
1.836400042520836e-05
3.141900015179999e-05
2.6320998586015776e-05
2.492099883966148e-05
2.4328001018147916e-05
3.407400072319433e-05
2.5632001779740676e-05
2.3615000827703625e-05
2.1169998944969848e-05
2.0330000552348793e-05
2.6981000701198354e-05
2.2681000700686127e-05
2.4840999685693532e-05
1.631600025575608e-05
1.8656002794159576e-05
3.155600279569626e-05
2.6131998311029747e-05
1.7104997823480517e-05
1.894899833132513e-05
2.9187001928221434e-05
2.2205000277608633e-05
2.2498999896924943e-05
3.382399881957099e-05
1.8659997294889763e-05
2.7729998691938818e-05
2.8213999030413106e-05
1.749199873302132e-05
2.9153001378290355e-05
2.2888001694809645e-05
2.5735000235727057e-05
2.080799822579138e-05
2.5368000933667645e-05
2.1063999156467617e-05
3.0317001801449805e-05
2.895099896704778e-05
3.2137002563104033e-05
3.081500108237378e-05
2.279400359839201e-05
1.951200101757422e-05
2.1078998543089256e-05
2.2773998352931812e-05
2.563599991844967e-05
2.9200000426499173e-05
2.637799843796529e-05
3.486999776214361e-05
2.826899799401872e-05
2.6465000701136887e-05
2.483599746483378e-05
2.3895001504570246e-05
2.2706997697241604e-05
2.2782998712500557e-05
2.4221000785473734e-05
2.6617999537847936e-05
2.69029987975955e-05
1.7719001334626228e-05
2.6245998014928773e-05
2.133400266757235e-05
2.3127999156713486e-05
2.83110020973254e-05
2.207900251960382e-05
3.1007999496068805e-05
2.3232998501043767e-05
1.951200101757422e-05
1.70599996636156e-05
2.289300027769059e-05
2.8777001716662198e-05
2.835999839589931e-05
2.6704001356847584e-05
2.0900999516015872e-05
2.51989986281842e-05
1.7729002138366923e-05
2.1654999727616087e-05
2.2344996978063136e-05
2.0311999833211303e-05
1.836600131355226e-05
2.0511000911938027e-05
2.7055000828113407e-05
2.8537997422972694e-05
3.319300230941735e-05
2.612400203361176e-05
1.673299993854016e-05
2.0905998098896816e-05
1.6464000509586185e-05
2.6338002498960122e-05
3.324100180179812e-05
1.5092999092303216e-05
2.153499735868536e-05
2.79990017588716e-05
3.075800123042427e-05
2.6148001779802144e-05
2.8179001674288884e-05
1.931899896590039e-05
2.9167000320740044e-05
2.5688997993711382e-05
2.9478000215021893e-05
3.9083999581635e-05
2.7278998459223658e-05
3.151199780404568e-05
3.832299989880994e-05
3.431500226724893e-05
1.756599885993637e-05
3.554399881977588e-05
3.1253002816811204e-05
3.235199983464554e-05
4.572000034386292e-05
3.0937000701669604e-05
2.841800232999958e-05
2.2129002900328487e-05
3.3338001230731606e-05
2.2601998352911323e-05
3.177799953846261e-05
1.640199843677692e-05
3.0465998861473054e-05
2.4306002160301432e-05
3.863500023726374e-05
3.2031999580794945e-05
2.3626998881809413e-05
3.587399987736717e-05
2.362300074310042e-05
1.2660999345825985e-05
2.4637000024085864e-05
3.077200017287396e-05
3.256700074416585e-05
2.3566000891150907e-05
2.7881000278284773e-05
3.0349998269230127e-05
3.955099964514375e-05
2.185700213885866e-05
3.3361997338943183e-05
2.1169998944969848e-05
3.259799996158108e-05
3.7704998248955235e-05
2.3723001504549757e-05
1.921500006574206e-05
3.630799983511679e-05
2.9445000109262764e-05
3.6392000765772536e-05
2.6114001229871064e-05
2.4095999833662063e-05
3.0559000151697546e-05
2.4509998183930293e-05
4.275600076653063e-05
3.2187999750021845e-05
3.766699956031516e-05
2.3627999325981364e-05
3.079000089201145e-05
1.7239999579032883e-05
1.999099913518876e-05
3.0228999094106257e-05
2.9980998078826815e-05
2.9491999157471582e-05
2.5514997105346993e-05
2.5429999368498102e-05
2.5864999770419672e-05
2.07070006581489e-05
2.384999970672652e-05
3.047800055355765e-05
2.433199915685691e-05
2.0030998712172732e-05
2.9132999770808965e-05
2.5216002541128546e-05
1.9717997929546982e-05
2.492700150469318e-05
3.020000076503493e-05
2.1750998712377623e-05
2.5666002329671755e-05
3.165799716953188e-05
2.0405001123435795e-05
2.7480000426294282e-05
2.9052000172669068e-05
2.7072001103078946e-05
2.5724999431986362e-05
2.704199869185686e-05
1.5175999578787014e-05
1.2614000297617167e-05
1.81379982677754e-05
3.4790999052347615e-05
3.077500150538981e-05
2.254499850096181e-05
2.154300091206096e-05
2.272200072184205e-05
2.4244000087492168e-05
1.992800025618635e-05
1.8411999917589128e-05
2.7544996555661783e-05
2.65179987763986e-05
1.8270999134983867e-05
2.7751000743592158e-05
3.279100201325491e-05
2.5691999326227233e-05
2.542800211813301e-05
2.6611000066623092e-05
2.2943000658415258e-05
1.642300048843026e-05
3.501999890431762e-05
1.7214002582477406e-05
1.716599945211783e-05
2.1620999177685007e-05
1.6497997421538457e-05
1.4919001841917634e-05
2.1485000615939498e-05
2.4583001504652202e-05
3.178200131515041e-05
1.6763002349762246e-05
1.895400055218488e-05
2.6649002393241972e-05
3.539500175975263e-05
2.668100205482915e-05
2.466099977027625e-05
3.3455999073339626e-05
2.2295000235317275e-05
2.4761000531725585e-05
3.275299968663603e-05
2.5146000552922487e-05
2.256600055261515e-05
2.400700032012537e-05
2.3442000383511186e-05
2.895199941121973e-05
2.3743003112031147e-05
2.792399754980579e-05
3.499399826978333e-05
2.5154997274512425e-05
2.179699731641449e-05
2.087800021399744e-05
1.860499833128415e-05
2.4797998776193708e-05
2.598400169517845e-05
2.1650001144735143e-05
2.9643000743817538e-05
2.9541002732003108e-05
3.560799814295024e-05
1.692099976935424e-05
3.0307997803902254e-05
2.797699926304631e-05
2.60580018220935e-05
1.5772999176988378e-05
2.527200194890611e-05
2.7310998120810837e-05
2.5035002181539312e-05
2.5745001039467752e-05
2.546099858591333e-05
2.5023000489454716e-05
2.6020999939646572e-05
1.741100277286023e-05
2.711700290092267e-05
2.5003002519952133e-05
1.9925002561649308e-05
3.224600004614331e-05
3.717700019478798e-05
2.9932998586446047e-05
1.5264999092323706e-05
2.3773998691467568e-05
2.41270026890561e-05
2.2590000298805535e-05
2.448599843773991e-05
2.8510999982245266e-05
2.577499981271103e-05
2.5372002710355446e-05
2.0745999790960923e-05
1.9538001652108505e-05
2.4842000129865482e-05
1.8808997992891818e-05
2.6292000256944448e-05
2.397099888185039e-05
2.5417000870220363e-05
2.1284999093040824e-05
1.6966998373391107e-05
2.527200194890611e-05
2.7276000764686614e-05
2.844700065907091e-05
2.5008001102833077e-05
3.617100082919933e-05
2.6688998332247138e-05
1.7600003047846258e-05
2.6752000849228352e-05
2.4823999410727993e-05
3.061900133616291e-05
2.539200067985803e-05
2.8753001970471814e-05
2.577299892436713e-05
2.7151996619068086e-05
2.5764002202777192e-05
2.6262998289894313e-05
2.4838998797349632e-05
2.6516001526033506e-05
4.127699867240153e-05
2.5140001525869593e-05
1.385100040351972e-05
1.4475997886620462e-05
4.412400085129775e-05
2.575699909357354e-05
2.465200304868631e-05
1.5010002243798226e-05
2.62970024778042e-05
1.862499993876554e-05
1.9773997337324545e-05
2.0793002477148548e-05
2.572299854364246e-05
2.011900141951628e-05
2.6236997655360028e-05
2.8836999263148755e-05
2.787700213957578e-05
1.6841000615386292e-05
1.3811000826535746e-05
1.4932997146388516e-05
3.128300159005448e-05
1.5974001144059002e-05
2.2121999791124836e-05
1.1620999430306256e-05
2.046300141955726e-05
1.588500163052231e-05
2.613800097606145e-05
1.0618001397233456e-05
1.3788998330710456e-05
2.371200025663711e-05
2.1564999769907445e-05
2.414700065855868e-05
2.067099921987392e-05
2.3030002921586856e-05
2.0366998796816915e-05
1.9690000044647604e-05
2.1597999875666574e-05
1.647300086915493e-05
1.5024001186247915e-05
3.00069987133611e-05
2.0192001102259383e-05
3.0005001462996006e-05
3.483399996184744e-05
2.2446998627856374e-05
2.08609999390319e-05
1.734500256134197e-05
2.3943000996951014e-05
2.4864999431883916e-05
3.476599886198528e-05
2.3111999325919896e-05
3.041099989786744e-05
1.4987999747972935e-05
3.2880998332984746e-05
2.5891000404953957e-05
2.4901000870158896e-05
2.6265999622410163e-05
2.702399797271937e-05
1.902099756989628e-05
2.0660001609940082e-05
2.5118999474216253e-05
1.3152002793503925e-05
2.0089999452466145e-05
2.347100235056132e-05
2.5904999347403646e-05
2.2918000468052924e-05
1.5497000276809558e-05
2.1031999494880438e-05
2.8841001039836556e-05
2.4426000891253352e-05
2.5517998437862843e-05
8.656999852973968e-06
2.401999881840311e-05
1.168300150311552e-05
3.211500006727874e-05
1.1125997843919322e-05
2.146900078514591e-05
1.0408002708572894e-05
2.8436999855330214e-05
2.620499799377285e-05
2.7083999157184735e-05
1.8042999727185816e-05
2.461600161041133e-05
1.8910999642685056e-05
1.1831998563138768e-05
1.75280001712963e-05
2.9474998882506043e-05
2.1385003492468968e-05
1.8127000657841563e-05
1.1922002158826217e-05
1.454499943065457e-05
2.1777002984890714e-05
2.2927997633814812e-05
1.6979000065475702e-05
1.3509001291822642e-05
1.438699837308377e-05
1.7082998965634033e-05
1.5629000699846074e-05
1.7422000382794067e-05
2.2217998775886372e-05
2.2817999706603587e-05
2.249299723189324e-05
1.4184999599820003e-05
2.155099718947895e-05
1.9363000319572166e-05
2.5385998014826328e-05
2.058900281554088e-05
1.893499938887544e-05
1.5630997950211167e-05
2.064000000245869e-05
2.280299668200314e-05
1.653899744269438e-05
2.08609999390319e-05
1.850099943112582e-05
2.4082000891212374e-05
2.933100040536374e-05
1.6474998119520023e-05
1.0948999261017889e-05
1.7073998606065288e-05
2.0183000742690638e-05
1.1399999493733048e-05
2.4208002287195995e-05
2.1612999262288213e-05
1.1894000635948032e-05
2.3856999177951366e-05
2.0923002011841163e-05
1.6586000128882006e-05
2.4000000848900527e-05
2.3343996872426942e-05
1.1279997124802321e-05
1.8890001229010522e-05
1.8820999684976414e-05
1.6861002222867683e-05
1.6918002074817196e-05
2.117399708367884e-05
1.1189000360900536e-05
2.4826997105265036e-05
2.0423998648766428e-05
1.574400084791705e-05
1.1907002772204578e-05
2.5207998987752944e-05
1.6519999917363748e-05
1.935399996000342e-05
2.0079001842532307e-05
2.082699938910082e-05
2.477400266798213e-05
2.2415999410441145e-05
2.516399763408117e-05
1.794499985408038e-05
1.882899960037321e-05
2.1234001906123012e-05
2.0227998902555555e-05
1.8291000742465258e-05
1.7196001863339916e-05
1.7826998373493552e-05
1.9028997485293075e-05
2.7192003472009674e-05
2.0370000129332766e-05
1.8499002180760726e-05
2.716500239330344e-05
1.6531001165276393e-05
2.133200177922845e-05
1.8177001038566232e-05
1.6551999578950927e-05
2.1485000615939498e-05
2.4762000975897536e-05
1.1789998097810894e-05
2.268599928356707e-05
1.6668000171193853e-05
2.6795001758728176e-05
2.7342000976204872e-05
1.1672000255202875e-05
1.733599856379442e-05
2.0124000002397224e-05
2.3701002646703273e-05
2.0335002773208544e-05
2.6008998247561976e-05
2.1253999875625595e-05
2.9774000722682104e-05
2.0248000510036945e-05
1.817299926187843e-05
1.725300171528943e-05
1.0955998732242733e-05
1.4000997907714918e-05
2.330899951630272e-05
3.0317001801449805e-05
2.091500209644437e-05
2.4651999410707504e-05
2.794600004563108e-05
1.3043998478678986e-05
3.0040002457099035e-05
1.4176999684423208e-05
1.3427998055703938e-05
1.9103998056380078e-05
1.7763999494491145e-05
1.4441997336689383e-05
2.093099828925915e-05
1.2132997653679922e-05
2.044700158876367e-05
1.8990998796653003e-05
2.8696998924715444e-05
1.6870002582436427e-05
1.5497000276809558e-05
1.5822999557713047e-05
1.3906999811297283e-05
2.0057002984685823e-05
1.97709996427875e-05
1.9016999431187287e-05
2.696999945328571e-05
1.9299000996397808e-05
1.0069998097606003e-05
7.168000593082979e-06
1.7813999875215814e-05
1.9759998394874856e-05
2.084399966406636e-05
1.7436999769415706e-05
3.014899994013831e-05
2.124700040440075e-05
1.1869997251778841e-05
2.930000118794851e-05
1.3471999409375712e-05
1.9078997866017744e-05
1.865499871200882e-05
1.1873999028466642e-05
1.1995998647762462e-05
1.8096001440426335e-05
2.2692998754791915e-05
2.2118001652415842e-05
1.6218997188843787e-05
1.1419000657042488e-05
1.8131002434529364e-05
1.52790016727522e-05
1.879499905044213e-05
2.303600194863975e-05
1.6862999473232776e-05
1.6854002751642838e-05
2.761599898803979e-05
1.69100021594204e-05
1.5549001545878127e-05
1.3490000128513202e-05
2.231899998150766e-05
8.05700256023556e-06
1.414600046700798e-05
1.949400029843673e-05
1.920100112329237e-05
1.176699879579246e-05
2.2064999939175323e-05
1.942100061569363e-05
1.4732999261468649e-05
1.959699875442311e-05
1.744600012898445e-05
1.2429998605512083e-05
2.7736998163163662e-05
2.8580001526279375e-05
1.6986999980872497e-05
2.1363000996643677e-05
2.2468997485702857e-05
1.440299820387736e-05
3.1630999728804454e-05
2.5647001166362315e-05
1.4261997421272099e-05
1.641999915591441e-05
1.9619998056441545e-05
1.2573000276461244e-05
1.458300175727345e-05
1.3762000889983028e-05
1.2905999028589576e-05
1.4641998859588057e-05
1.2353000784059986e-05
1.6876001609489322e-05
1.4950997865526006e-05
1.9536000763764605e-05
2.2960000933380798e-05
2.0857001800322905e-05
1.3349999790079892e-05
2.4638000468257815e-05
1.5804002032382414e-05
1.8057999113807455e-05
2.1653002477250993e-05
1.7518999811727554e-05
1.2756001524394378e-05
1.07810010376852e-05
1.5418001567013562e-05
2.2921001800568774e-05
1.4492001355392858e-05
1.9312999938847497e-05
1.296399932471104e-05
1.957700078492053e-05
2.0436000340851024e-05
8.803999662632123e-06
1.5647001418983564e-05
1.4471999747911468e-05
2.4654000299051404e-05
2.0370000129332766e-05
1.8115999409928918e-05
2.378000135649927e-05
1.0507999832043424e-05
2.3150001652538776e-05
1.8956998246721923e-05
1.9737999537028372e-05
2.1390998881543055e-05
2.0683000911958516e-05
1.9371997041162103e-05
1.300000076298602e-05
2.1967000066069886e-05
1.7664999177213758e-05
1.2866999895777553e-05
1.76009998540394e-05
1.9847000658046454e-05
2.047999805654399e-05
1.0978998034261167e-05
2.1010000637033954e-05
1.9291001081001014e-05
1.7719001334626228e-05
2.134499663952738e-05
2.2569998691324145e-05
1.0004998330259696e-05
2.7177000447409227e-05
1.1919000826310366e-05
1.0851999832084402e-05
2.8343001758912578e-05
2.0124000002397224e-05
2.216500070062466e-05
1.6324000171152875e-05
2.185500125051476e-05
1.70680032169912e-05
1.7205999029101804e-05
2.301399945281446e-05
1.835899820434861e-05
1.8288999854121357e-05
1.3976998161524534e-05
1.6602996765868738e-05
1.2459000572562218e-05
2.1223000658210367e-05
1.3218999811215326e-05
1.5834997611818835e-05
1.852100103860721e-05
1.8962000467581674e-05
2.2569998691324145e-05
2.463000055286102e-05
1.8773000192595646e-05
1.4937002561055124e-05
1.7246999050257728e-05
1.8319999071536586e-05
2.154300091206096e-05
2.1485000615939498e-05
3.296399881946854e-05
2.3772001441102475e-05
1.80000024556648e-05
2.466500154696405e-05
2.1260002540657297e-05

TESTE ORDENADO CRESCENTEMENTE

0.016015943001548294
0.013430864997644676
0.016005064000637503
0.004902337001112755
0.007414019000862027
0.010384334000264062
0.009383843997056829
0.011432277999119833
0.019312680000439286
0.014129060997220222
0.0007779740008118097
0.008338527000887552
0.016070061003119918
0.02029513500019675
0.0032711149979149923
0.0007622920020367019
0.005244884996500332
0.020355007000034675
0.006840527999884216
0.007725060000666417
0.0053019340011815075
0.01640640900222934
0.004428964999533491
0.005493671000294853
0.003736201997526223
0.00856524800110492
7.185900176409632e-05
0.016304840999509906
0.015696966998802964
0.002362338997045299
0.013485503000993049
0.0053301110019674525
0.00198023100165301
0.00767339300000458
0.008121371000015642
0.01820259699888993
0.012854516000516014
0.0010978889986290596
0.019089931000053184
0.016343270002835197
0.01163838700085762
0.007594414997583954
0.008451883000816451
0.009713572002510773
0.013196355001127813
0.00775158899705275
0.0018769090020214207
0.016218463999393862
0.01862923600128852
0.010343958998419112
0.013832993998221355
0.01960317799967015
0.021984110000630608
0.0204474290003418
0.002125427999999374
0.012992321997444378
0.01627507900047931
0.0038518629989994224
0.0069266520004021
0.0002925430017057806
0.005771641001047101
0.018730931002210127
0.01498787500167964
0.0060498919992824085
0.0015204000010271557
0.007630550000612857
0.003906578000169247
0.0006975670003157575
0.017054563999408856
0.018674978000490228
0.0010280520000378601
0.005718725999031449
0.0027206230006413534
0.015536725000856677
0.0003703579968714621
0.013285884997458197
0.01763831100106472
0.012282638999749906
0.001495069998782128
0.008374517998163356
0.014194878000125755
0.0035931229976995382
0.0031073859972821083
0.002894363002269529
0.005198882001423044
0.006686720000288915
0.019939139998314204
0.0179398799991759
0.003933235999284079
0.014121328000328504
0.0012881589973403607
0.01635680300023523
0.01804807799999253
0.001709247000690084
0.013788405998639064
0.010415551001642598
0.018352664999838453
0.004847612999583362
0.0010868379977182485
0.009114210999541683
0.004806660999747692
0.009744574999785982
0.005282267000438878
0.0051568519993452355
0.00691957099843421
0.017276099002629053
0.003444908001256408
0.0037962259993946645
0.0016940450004767627
0.012524222001957241
0.02104951000001165
0.008437810000032187
0.010690123999665957
0.016247278999799164
0.0023710120003670454
0.0140252800010785
0.015519127002335154
0.002378045999648748
0.005633988999761641
0.015147022000746801
0.004489406001084717
0.0019722959987120703
0.012972366999747464
0.013714369000808802
0.00235428599989973
0.013237859999208013
0.004720438999356702
0.0020228110006428324
0.01942678300110856
0.01860347200272372
0.018217332999483915
0.014749123001820408
0.01077807899855543
0.00596182899971609
0.019938666999223642
0.004098243000044022
0.016176730998267885
0.005071735999081284
0.018686862000322435
0.005763798999396386
0.010911469998973189
0.01818945099876146
0.0033162510007969104
0.016654510000080336
0.0068674729991471395
0.009189805001369677
0.0075026390004495624
0.002893404998758342
0.005127268999785883
0.015038358000310836
0.000534695998794632
0.015596337001625216
0.014103685000009136
0.0006023120004101656
0.004058818998601055
0.017651075999310706
0.01532191300066188
0.013776313000562368
0.009860301001026528
0.01467144699927303
0.019940430000133347
0.003149444000882795
0.018321514999115607
0.001187398000183748
0.0054246750005404465
0.0070288720016833395
0.001184046999696875
0.020444468002096983
0.01686000699919532
0.006848051001725253
0.014100475000304868
0.008217660000809701
0.006693608000205131
0.017430521998903714
0.0020060279966855887
0.010673431999748573
0.00638993400207255
0.004608531002304517
0.00666732199897524
0.011943576999328798
0.004958215999067761
0.010879902998567559
0.02046014900042792
0.008575615000154357
0.012000950999208726
0.005213246997300303
0.004668978002882795
0.01984741499836673
0.005959890997473849
0.000905281998711871
0.011990471997705754
0.01313507499799016
0.011117625999759184
0.01612846200077911
0.010964425000565825
0.008254412001406308
0.010192500998527976
0.01689983799951733
0.0068432219995884225
0.018184787000791403
0.01939501000015298
0.016371189998608315
0.012444733998563606
0.012691478001215728
0.004564253998978529
0.005603720001090551
0.016805491999548394
0.010900171000685077
0.017645493997406447
0.009727750999445561
0.0018199219994130544
0.019137061000947142
0.010418420999485534
0.0020610860010492615
0.01901163599904976
0.016716767000616528
0.008961039002315374
0.008460230998025509
0.01402056999722845
0.011384184999769786
0.01846353399741929
0.01600316800249857
0.015201858997897943
0.004772995998791885
0.002651172999321716
0.004843250000703847
0.003423335998377297
0.01892861599844764
0.006078899998101406
6.61390004097484e-05
0.008198818999517243
0.01814869100053329
0.005496056000993121
0.008249701000750065
0.005161406999832252
0.00012426099783624522
0.006436155999836046
0.011179829998582136
0.0037753709984826855
0.006702017999486998
0.018018263999692863
0.016065243002231
0.01785518399992725
0.019855303999065654
0.01414039699739078
0.013014806998398853
0.016395014001318486
0.014685992999147857
0.01830486499966355
0.004288341999199474
0.019326347999594873
0.018673001002753153
0.0005683050003426615
0.018318508999072947
0.01043987600132823
0.012470246001612395
0.00490601300043636
0.013867130997823551
0.011125041997729568
0.020332202002464328
0.019569654999941122
0.016951227000390645
0.0014942970010451972
0.0174650400003884
0.019239556000684388
0.00486968399854959
0.010935826998320408
0.004672480001318036
0.004975972999091027
0.0036498000008577947
0.018469519000063883
0.0022978029992373195
0.018843704998289468
0.019800587000645464
0.0066174179992231075
0.008036166000238154
0.008382427000469761
0.011899289998837048
0.006656945999566233
0.008064999001362594
0.0010938800005533267
0.004113900999072939
0.013613572999020107
0.018840392996935407
0.009594433999154717
0.003417496998736169
0.009707178000098793
0.006680269001662964
0.013950717999250628
0.013076265997369774
0.01727550499708741
0.013323299997864524
0.0137021629998344
0.003446181999606779
0.005606782997347182
0.01546053299898631
0.0027287880002404563
0.004126838997763116
0.004244255000230623
0.006644585999310948
0.018470254999556346
0.01671454499955871
0.00681034200169961
0.003323353001178475
0.008960821000073338
0.0037273990019457415
0.0036244570001144893
0.011935555001400644
0.01646069699927466
0.013598542002000613
0.015638176999345887
0.011187366999365622
0.0003681109992612619
0.007904504000180168
0.00689258000056725
0.014071199999307282
0.019742968997888966
0.006653124000877142
0.009170596000330988
0.006374227999913273
0.017102376998082036
0.020275301998481154
0.01962942399768508
0.009207806000631535
0.009132892002526205
0.01073448900206131
0.01182406199950492
0.019766822002566187
0.012518769999587676
0.002697115000046324
0.0182305760026793
0.00666847699903883
0.018247515999973984
0.000443904002167983
0.011336734001815785
0.000255204999120906
0.018981732999236556
0.010651057000359287
0.01690428500296548
0.011981607000052463
0.014155202999972971
0.0075910580017080065
0.013322587998118252
0.009838218997174408
0.0011982890027866233
0.005228944999544183
0.017106990999309346
0.0022967049990256783
0.016076929001428653
0.015312002000428038
0.0022286319981503766
0.009840181999607012
0.00876190700000734
0.003295905000413768
0.013239132000308018
0.01675643199996557
0.01584483700207784
0.014624779996665893
0.012311288999626413
0.006959258997085271
0.002963495000585681
0.007890097000199603
0.009325531998911174
0.019111787998554064
0.010144746000150917
0.014053271999728167
0.01917494900044403
0.0200491969990253
0.0032765939977252856
0.01017231099831406
0.01905934899696149
0.007654751003428828
0.020156536000285996
0.006206815000041388
0.0012498059986683074
0.018468700000084937
0.01607531899935566
0.006307291998382425
0.0003006980005011428
0.012517731996922521
0.011655055997835007
0.0209507580002537
0.00034396300179651007
0.014415695000934647
0.01723312700050883
0.020425509002961917
0.011664315999951214
0.019834822000120766
0.014081074001296656
0.011362204000761267
0.007776082999043865
0.0046800780000921804
0.01657528100258787
0.008295237999845995
0.014097825998760527
0.0007618489980814047
0.015912600996671245
0.008086796002316987
0.01634974099943065
0.019989263000752544
0.018027006000920665
0.020223570998496143
0.008741530000406783
0.015087603002029937
0.015462628998648142
0.011290665999695193
0.0027457399992272258
0.005282727997837355
0.0016487169996253215
0.003794569998717634
0.008868463002727367
0.018781918999593472
0.013873644998966483
0.009221428997989278
0.010903927999606822
0.006980195001233369
0.014432296000450151
0.007284855000762036
0.01358926000102656
0.012533275999885518
0.02107544699902064
0.0038760630013712216
0.011090241001511458
0.0012057589992764406
0.00654052499885438
0.017263183999602916
0.018091623001964763
0.008020097000553505
0.010768387001007795
0.015453699998033699
0.018257593001180794
0.016603126998234075
0.002920179998909589
0.0058200040002702735
0.008304695998958778
0.014072065001528244
0.007023165002465248
0.002751527001237264
0.01873920599973644
0.003427642001042841
0.0057856149978761096
0.018920383001386654
0.02046510199943441
0.011363777997758007
0.013730548998864833
0.01057666900305776
0.009565541997289984
0.0040566100033174735
0.002828503998898668
0.01991675099998247
0.0013772620004601777
0.008539787999325199
0.011570529000891838
0.009114335000049323
0.008788211998762563
0.00937411700215307
0.015658735999750206
0.02069244100130163
0.020157012000709074
0.004609356001310516
0.02034551000178908
0.004311658001824981
0.011692620002577314
0.018539757002145052
0.018656612999620847
0.0075363869982538745
0.0028044289974786807
0.015108825002243975
0.0030224229994928464
0.019980738001322607
0.016545467002288206
0.018032956002571154
0.019103203998383833
0.003721922999829985
0.013953978999779793
0.018858397997973952
0.00016340400179615244
0.008969303002231754
0.00477464499999769
0.015146147001360077
0.01067256199894473
0.010981062001519604
0.01770040900009917
0.0038883550005266443
0.008740953002416063
0.0018132969998987392
0.016074129001935944
0.0032098219999170396
0.009061572000064189
0.01098861799982842
0.015096863000508165
0.019367381999472855
0.01506623400200624
0.018358956000156468
0.0045015510004304815
0.009492163997492753
0.0016000290015654173
0.007255715998326195
0.009846077002293896
0.0027343580004526302
0.016427372000180185
0.017265947000851156
0.004937207999319071
0.015931386999000097
0.0027052990008087363
0.003410631001315778
0.015348294000432361
0.012162521001300775
0.02092979199733236
0.010554945001786109
0.010908119002124295
0.007100983002601424
0.012309226000070339
0.019152531000145245
0.009373607001180062
0.01799582799867494
0.007615681999595836
0.006292371002928121
0.0037241239988361485
0.005795012999442406
0.005738156000006711
0.01979652500085649
0.000979058000666555
0.004992958001821535
0.015601838000293355
0.003559267999662552
0.00027069000134360977
0.005049749001045711
0.009687970999948448
0.006356958001560997
0.011450444999354659
0.011038041000574594
0.006585621998965507
0.015449181999429129
0.01937440300025628
0.02062674400076503
0.00809315199876437
0.017428271999960998
0.010703260002628667
0.00017180299983010627
0.005889611999009503
0.016529087999515468
0.018898124999395804
0.010057470997708151
0.007687209999858169
0.018005626003287034
0.018852445999073097
0.021025962003477616
0.0009514170014881529
0.0035108219999528956
0.01910466700064717
0.001294399997277651
0.018963622002047487
0.018044003001705278
0.004917120000754949
0.0033497980002721306
0.010935260001133429
0.008257788002083544
0.009588508000888396
0.011716051001712913
0.0015150869985518511
0.007989740999619244
0.009945419998985017
0.009711413000331959
0.005737039002269739
0.007156548002967611
0.01423907700154814
0.012979003000509692
0.006402001999958884
0.015259099996910663
0.014456930999585893
0.019930894999561133
0.0051201440001023
0.004530655998678412
0.016446041998278815
0.00834077800027444
0.018658516000868985
0.01985334100027103
0.015760821999720065
0.00043173000085516833
0.017304851000517374
0.00626479700076743
0.015558929000690114
0.008191190001525683
0.006018714000674663
0.010882564001803985
0.0013104809986543842
0.0033544580001034774
0.010749100998509675
0.0046652790006191935
0.0026958479975291993
0.019685613999172347
0.018851779997930862
0.01716102800128283
0.017210500001965556
0.02125728899773094
0.00821375599844032
0.016318304999003885
0.02035714199882932
0.018103775000781752
0.0019434940004430246
0.019824793002044316
0.013529430998460157
0.00935973600280704
0.010993280000548111
0.00799576600184082
0.012319956000283128
0.013983836997795152
0.009908566000376595
0.010793764999107225
0.014599025002098642
0.0010430349975649733
0.016761104998295195
0.02016459600054077
0.018127628001820995
0.006168125997646712
0.0017298570019192994
0.018189660000643926
0.006905285998072941
0.00018490799993742257
0.008961405001173262
0.004656219996832078
0.00622053799816058
0.007382237003184855
0.020203952000883874
0.0036310899995442014
0.01393407199793728
0.00920968799982802
0.008448430999123957
0.02122398600113229
0.014028671001142357
0.010525912999582943
0.0007867099993745796
0.007546228000137489
0.019853097001032438
0.01079853899864247
0.016977552997559542
0.020899276998534333
0.00733074199888506
0.018591923002531985
0.010995163000188768
0.018748054000752745
0.012072723999153823
0.0201954090007348
0.01283539100040798
0.003971048998209881
0.020152122000581585
0.005739394997362979
0.009782548000657698
0.0005779800012533087
0.010344807000365108
0.005829182999150362
0.0012986490000912454
0.0011587959997996222
0.014432616000704002
0.008566050997615093
0.006846144999144599
0.017445306002628058
0.002042041000095196
0.012871357997937594
0.01394307100053993
0.018615954999404494
0.01305551399855176
0.0063850490005279426
0.014508620999549748
0.01872611300132121
0.019823054000880802
0.016831062999699498
0.006895976002851967
0.00789567299943883
0.009610069002519595
0.005407040000136476
0.012164935000328114
0.004773635999299586
0.018849357002181932
0.0057448900006420445
0.020068146997800795
0.012681993997830432
2.173100074287504e-05
0.000926974000321934
0.016569873001571978
0.0031474540010094643
0.013518017996830167
0.001018639999529114
0.013188539000111632
0.01408040300157154
0.02039354199951049
0.008689518999744905
0.018521556001360295
0.005610619999060873
0.0005271510017337278
0.01986078799745883
0.017621173003135482
0.002665197000169428
0.004275706000044011
0.009278910998546053
0.01754204899771139
0.004471387997909915
0.0026490840027690865
0.0008079750004981179
0.016310088001773693
0.002682672999071656
0.0035617789981188253
0.0008240129973273724
0.0031324589981522877
0.02056576700124424
0.012622631998965517
0.018424402001983253
0.020909625996864634
0.011223877001611982
0.0011845689987239894
0.00739211999825784
0.019597410002461402
0.013283784999657655
0.005152818997885333
0.0008337120016221888
0.003598728999349987
0.00829106499804766
0.01629020799737191
0.0033028690013452433
0.0010257619978801813
0.00837435799985542
0.0033304639982816298
0.019831014000374125
0.003438431998802116
0.008181091001461027
0.006363501001033001
0.019213593997847056
0.009140530000877334
0.00873045900152647
0.0002900399995269254
0.011334517002978828
0.001900694001960801
0.0024346030004380737
0.010812173000886105
0.00944578100097715
0.005247855999186868
0.011957531998632476
0.012967275997652905
0.00733415400100057
0.004960963000485208
0.01649513099982869
0.017323005999060115
0.007385019998764619
0.00623553900004481
0.011885463001817698
0.011120723000203725
0.000821088000520831
0.0025223910015483852
0.005931024003075436
0.01819192900074995
0.017451955001888564
0.017520461999083636
0.011605215997406049
0.019935125001211418
0.0008534469998267014
0.00817943199945148
0.00580802599870367
0.019043085998418974
0.014125579000392463
0.0003325729994685389
0.008946381996793207
0.012938828000187641
0.007990720998350298
0.018181768999056658
0.006692789000226185
0.01005361100033042
0.010881079997488996
0.011726318000000902
0.0004968550019839313
0.010120330000063404
0.017675701001280686
0.008193448000383796
0.02027545799865038
0.012158798999735154
0.019819085999188246
0.00954310099768918
0.0026187040020886343
0.006737589999829652
0.019051318002311746
0.0038881739965290762
0.01736840800003847
0.002768872000160627
0.011493586000142386
0.012620383000466973
0.01906762300131959
0.017703745001199422
0.0006601450004382059
0.0002336329998797737
0.00437844599946402
0.006761043998267269
0.01756936899982975
0.010181960002228152
0.008540268001524964
0.013969740000902675
0.005314813999575563
0.011117967002064688
0.002151013999537099
0.017315124001470394
0.0036807709984714165
0.017656143001659075
0.011165915999299614
0.012988198999664746
0.004624293997039786
0.012497188999986975
0.018530148001445923
0.00186092899821233
0.004682922000938561
0.01764617699882365
0.005148099997313693
0.012416899000527337
0.009935129000950838
0.0007881999990786426
0.004233151001244551
0.0028102329997636843
0.01232216599964886
0.0015352949994849041
0.008013681002921658
0.019480995000776602
0.00893763799831504
0.0035741110004892107
0.003620193001552252
0.00537016000089352
0.011801474000094458
0.012936992003233172
0.004302504999941448
0.010939037001662655
0.019497257002512924
0.0022390880003513303
0.010869421999814222
0.013356075000046985
0.014120750001893612
0.0036463039978116285
0.018879117000324186
0.004179534000286367
0.005981008998787729
0.001205126001877943
0.0013869270005670842
0.0018781530015985481
0.002594671997940168
0.004647445999580668
0.01719876500283135
0.01519131400345941
0.011035698000341654
0.004490442999667721
0.008504809000442037
0.010115730001416523
0.017983223999181064
0.002367364999372512
0.017305956997006433
0.012433321000571596
0.007896202998381341
0.000981158998911269
0.006099546000768896
0.01543308899999829
0.011698128000716679
0.007997996999620227
0.016612098999758018
0.00045684599899686873
0.0020865490005235188
0.002975884999614209
0.0016971839977486525
0.01670493399797124
0.0022669040008622687
0.0019263809990661684
0.019105210001725936
0.01855098800297128
0.013300481001351727
0.017207302000315394
0.0002959260018542409
0.00781390800329973
0.011738282999431249
0.006856836000224575
0.002159828000003472
0.005188183000427671
0.01265831799901207
0.02035872999840649
0.019740259001991944
0.00041415600207983516
0.019730043997697067
0.004718960997706745
0.008793182998488192
0.003956095999456011
0.003758757000468904
0.002911748997576069
0.019831094999972265
0.00014916399959474802
0.010484583999641472
0.004488239999773214
0.012071483000909211
0.005788424998172559
0.011703462998411851
0.017666305997408926
0.005922052001551492
0.01055931100199814
0.0016047629978857003
0.014675718997750664
0.007644573001016397
0.004448569001397118
0.01915643200118211
0.005777537000540178
0.01664709699980449
0.016892578001716174
0.015536716000497108
0.016489909998199437
0.008994623000035062
0.002244134000648046
0.019794802999967942
0.018489534999389434
0.010282399998686742
0.012341540001216345
0.0014907869990565814
0.00019676699957926758
0.013854542001354275
0.0016738360027375165
0.013631212001200765
0.018256753002788173
0.0045860889986215625
0.0105035249980574
0.0008024810013012029
0.012238485000125365
0.01866975899974932
0.007194916997832479
0.00029512300170608796
0.01601894600025844
0.009960969000530895
0.010184069000388263
0.016265024001768325
0.014083178000873886
0.01814098499744432
0.006315288999758195
0.010066571998322615
0.008490921998600243
0.01129408100314322
0.00561460300014005
0.0091094189992873
0.014543323999532731
0.02099442899998394
0.003921684001397807
0.010329541000828613
0.0139759360026801
0.018904139997175662
0.004521036997175543
0.018983490001119208
0.018264149999595247
0.013390707001235569
0.008024277998629259
0.005648057998769218
0.001357806999294553
0.008429402001638664
0.015052785998705076
0.010981090003042482
0.012066486997355241
0.00513255400073831
0.01072909800132038
0.02086061399677419
0.020372046001284616
0.014924429000529926
0.00807920999795897
0.01250547000017832
0.00796009100304218
0.016633578998153098
0.016181710998353083
0.0020330609986558557
0.02103343499766197
0.0002127189982275013
0.008381947998714168
0.013539982999645872
0.020443247998628067
0.017517462001706008
0.01199832899874309
0.020043783999426523
0.0037384669994935393
0.012850471001002006
0.00614841499918839
0.014092544999584788
0.016435779998573707
0.006009717002598336
0.01281988399932743
0.004829846999200527
0.0020512579976639245
0.0096482510016358
0.01211458599937032
0.012289969999983441
0.005120613001054153
0.004342666001321049
0.00792306500079576
0.018843714002287015
0.010310270998161286
0.01151050199769088
0.0026211799995508045
0.00350608599910629
0.0161227369972039
0.0015470580001419876
0.009377009002491832
0.017305183999269502
0.004448788000445347
0.006669825997960288
0.018867340000724653
0.009354531001008581

TESTE ORDENADO DECRESCENTEMENTE

0.003437934003159171
0.004287798001314513
0.0027084600005764514
0.009310745997936465
0.007732262001809431
0.0065642980007396545
0.006315179998637177
0.0048468929999216925
0.0009338589989056345
0.0034725000004982576
0.011534224002389237
0.008004703002370661
0.002545438997913152
0.00036888200338580646
0.010090777999721467
0.01205880500128842
0.009317211999587016
0.0001619950016902294
0.008201315002224874
0.007179463998909341
0.009040036002261331
0.0027088000024377834
0.009379462000651984
0.008690577997185756
0.010039304001111304
0.007569718000013381
0.012094497000362026
0.0026915640009974595
0.00313297100001364
0.011183788999915123
0.004337278001912637
0.008744775001105154
0.011099382001702907
0.008256123997853138
0.0073471130017424
0.001141614997322904
0.004931663999741431
0.01146620100189466
0.0009347109989903402
0.0028682310003205203
0.005115214997204021
0.0077038559975335374
0.007171117002144456
0.006140986999525921
0.004333656997914659
0.007394725998892682
0.010916294002527138
0.0023226570010592695
0.001309340997977415
0.0061232539992488455
0.004596281996782636
0.000650152000162052
4.289999196771532e-06
0.0007742730012978427
0.01073241400081315
0.004591670000081649
0.0027397630001360085
0.009930383999744663
0.008208903997001471
0.012031783000566065
0.008775793998211157
0.0012743670013151132
0.0034481660004530568
0.008404390002397122
0.01124392500059912
0.007828099001926603
0.010299472000042442
0.011918930998945143
0.001883040000393521
0.001280746000702493
0.01188925200040103
0.009074388999579241
0.010725414998887572
0.002979468001285568
0.012236107999342494
0.004599490999680711
0.0016554370013182051
0.004681262998929014
0.011158430002979003
0.007439694003551267
0.0037511659975280054
0.009748246000526706
0.010217961000307696
0.010806485999637516
0.009105270000873134
0.007946113000798505
0.0005803310014016461
0.0017000299994833767
0.01012719400023343
0.003788778998568887
0.011231083000893705
0.0026413160012452863
0.0014195459989423398
0.011346228002366843
0.004407824999361765
0.00571502399907331
0.001165751997177722
0.009082245000172406
0.011857257002702681
0.006810129998484626
0.009027015999890864
0.0062861799997335766
0.009564425999997184
0.00903392300097039
0.0077963179974176455
0.001868817998911254
0.010163587001443375
0.010150485999474768
0.011234066001634346
0.004689371002314147
2.282700006617233e-05
0.007172182999056531
0.005838570999912918
0.0025235760003852192
0.010464179002156015
0.003943648996937554
0.003146393999486463
0.010889319000852993
0.008906142000341788
0.0032701499985705595
0.009262924999347888
0.011420033999456791
0.004400079997139983
0.003963686998758931
0.010541850999288727
0.004271378998964792
0.00945962699915981
0.011082148001150927
0.0007163239970395807
0.0013520220018108375
0.0013077219991828315
0.0036060740021639504
0.0058280519988329615
0.008692398001585389
0.00037887500002398156
0.00974086700080079
0.0025464809987170156
0.009263072999601718
0.0010307750017091166
0.009096801000850974
0.005852087000675965
0.0011899839992111083
0.010041164998256136
0.002464058001351077
0.008292179001728073
0.006566423999174731
0.007602952999150148
0.01033085200106143
0.009268097001040587
0.003045198998734122
0.011693576001562178
0.0031499379983870313
0.0034880530001828447
0.0121775150000758
0.010150002999580465
0.001736431000608718
0.0031503810023423284
0.003843305999907898
0.006398275996616576
0.0036683350008388516
0.0003535510004439857
0.01014272899919888
0.0013361739984247833
0.011609895998844877
0.009365313999296632
0.008220102001359919
0.011551638999662828
6.735300121363252e-05
0.00266291699881549
0.008299779001390561
0.0034821109984477516
0.007180790002166759
0.00777149999703397
0.0014926069998182356
0.011401245999877574
0.00612433899732423
0.008044711998081766
0.009180380999168847
0.00824937399738701
0.0052448579990596045
0.008913850000681123
0.005359739996492863
0.0002022519984166138
0.007360210998740513
0.005007371000829153
0.008855290998326382
0.00911793999694055
0.00031373299862025306
0.00901635500122211
0.011964375000388827
0.004964382998878136
0.003985077000834281
0.005419242002972169
0.002551159999711672
0.005842746002599597
0.007037751001917059
0.00560325200058287
0.00227071200060891
0.007920676001958782
0.0013694459994439967
0.0007569209992652759
0.002692883001145674
0.004685247997258557
0.004272973998013185
0.009303531001933152
0.008666742000059457
0.002070253001875244
0.006203299999469891
0.0020117080021009315
0.006379419999575475
0.01099312199949054
0.0009899049982777797
0.0063619790016673505
0.011277624998911051
0.0009629590022086632
0.002538689997891197
0.006743718997313408
0.006673384999885457
0.004098001998499967
0.005231199000263587
0.001150913998571923
0.002548096999817062
0.0030612000009568874
0.009094257002288941
0.010648835999745643
0.009453523998672608
0.010061584998766193
0.001012804001220502
0.008624371999758296
0.012674243000219576
0.007229342001664918
0.0013249920011730865
0.008858293000230333
0.007442070000251988
0.00892917899909662
0.01220211100007873
0.00892195000051288
0.005782820000604261
0.009665232999395812
0.007969592999870656
0.0014225790000637062
0.002555836999817984
0.00222183000005316
0.0004946789995301515
0.00385496799935936
0.004003609999926994
0.0024547290013288148
0.003131180001219036
0.001428537998435786
0.009521551000943873
0.0007915149981272407
0.0012223599987919442
0.012225598999066278
0.0017049909984052647
0.006054839999706019
0.004511339000600856
0.009004486997582717
0.003995726001448929
0.005366773999412544
0.00036149899824522436
0.0007841110018489417
0.002023924000241095
0.01108455899884575
0.0020629359969461802
0.0007551750022685155
0.009597296000720235
0.005846770000061952
0.009137568002188345
0.008972929001174634
0.010219451000011759
0.0014591330000257585
0.011009322999598226
0.0011291509981674608
0.0004978809993190225
0.008386289999180008
0.007781963999150321
0.007014429000264499
0.0046173850023478735
0.00794571500227903
0.00737964299696614
0.01214407299994491
0.009830434999457793
0.003828050997981336
0.0012041650006722193
0.0063067709997994825
0.010299116998794489
0.0065792109999165405
0.007934184999612626
0.0035201749997213483
0.004734562997327885
0.001819749999413034
0.004129475997615373
0.003682954000396421
0.009869731002254412
0.008753647998673841
0.0033821459983300883
0.010586044001684058
0.009720670997921843
0.009597849999408936
0.008459972999844467
0.0013946239996585064
0.0023539699977845885
0.008198421000997769
0.010074123998492723
0.006921708998561371
0.00973219699881156
0.00985207600024296
0.0053087960004631896
0.002802962997520808
0.0041833200011751615
0.002656477998243645
0.005211943996982882
0.01183015899732709
0.007922556000266923
0.008009058998140972
0.003512452996801585
0.0006777729977329727
0.0078069529990898445
0.006491035997896688
0.008757444000366377
0.0018081099988194183
0.0004220730006636586
0.0006950599999981932
0.006704401999741094
0.0063349470001412556
0.005312708999554161
0.005167826999240788
0.0004896780010312796
0.005006580999179278
0.010373150998930214
0.0012533359986264259
0.008307930002047215
0.0010985279986925889
0.01221751699995366
0.005892671000765404
0.012052238998876419
0.0009158960019703954
0.006273278999287868
0.0022889259998919442
0.005090950999147026
0.003670030000648694
0.007204934001492802
0.004092438997759018
0.006000789999234257
0.011789546999352751
0.009251307001250098
0.0019508619989210274
0.010738170996773988
0.002730469001107849
0.0031640990018786397
0.010860529000638053
0.006360874998790678
0.006435834999138024
0.010654748999513686
0.004463460001716157
0.0020132719982939307
0.002720609998505097
0.00310449600146967
0.004733621000923449
0.007775735000905115
0.010654506000719266
0.007248906997119775
0.0066563580003276
0.0011943189965677448
0.00631572999918717
0.003992655001638923
0.0008241930008807685
0.0003896289999829605
0.010089063998748315
0.006333301000267966
0.0007564289990114048
0.007746544997644378
0.00035098100124741904
0.008866873002261855
0.01151648100130842
0.0014355269995576236
0.0026336910013924353
0.008601550001912983
0.012454576997697586
0.004674959000112722
0.004757299997436348
0.00011643899779301137
0.012022172999422764
0.004033650999190286
0.0019475750013953075
0.0002784889984468464
0.005046889000368537
0.0004394349998619873
0.0036223080023773946
0.00502788099765894
0.007437309999659192
0.009616786999686155
0.002388605000305688
0.007458166001015343
0.003587098999560112
0.011624672999460017
0.0035482419989421032
0.007368526999925962
0.0024429999975836836
0.0007702119983150624
0.002004136000323342
0.0003138760002912022
0.0072880020015873015
0.0033605560020077974
0.0034216770000057295
0.005528884998057038
0.010372726999776205
0.008972008999990067
0.01162202200066531
0.010142253002413781
0.007323215002543293
0.0012006010001641698
0.004385278996778652
0.007089211998390965
0.005607172999589238
0.007623063000210095
0.0040661489983904175
0.00747845200021402
0.004238278001139406
0.004887373001110973
0.0001434619989595376
0.009787905000848696
0.005555382998863934
0.011403622997022467
0.008524534001480788
0.002090772999508772
0.0013730409991694614
0.007351133001066046
0.005701206002413528
0.002639649999764515
0.001719274998322362
0.0022876699986227322
0.010668486000213306
0.008988519999547862
0.007010187000560109
0.0036991109991504345
0.008196226001018658
0.010527141999773448
0.0008433769980911165
0.010302265000063926
0.009255828001187183
0.0009073830005945638
0.0003357089990458917
0.005565123999986099
0.004005000002507586
0.005601189001026796
0.006085296998207923
0.009929286003171
0.010650832002284005
0.000513801998749841
0.011580671998672187
0.0074925709996023215
0.0055203449992404785
0.00633198599825846
0.0063129440022748895
0.006554182000400033
0.003027285998541629
0.00012030600191792473
0.00028339599884930067
0.009522705000563292
0.00016596499699517153
0.009679798997240141
0.005350067000108538
0.0012224189995322376
0.00143963299706229
0.008330093998665689
0.011226491998968413
0.0034135590030928142
0.010960940999211743
0.0002811880003719125
0.0028818000027968083
0.0014175840005918872
0.0010843939999176655
0.010443760998896323
0.004052255000715377
0.0010399679995316546
0.012306939999689348
0.007290564000868471
0.009412553001311608
0.0031880269998509903
0.0056092259983415715
0.006102151000959566
0.0015444250020664185
0.009800945001188666
0.007118278001144063
0.011170055000548018
0.0027188999993086327
0.010302250000677304
0.007010274999629473
0.005305266000505071
0.002953224000521004
0.0013102669981890358
0.003319022998766741
0.0013583979998657014
0.009429777001059847
0.006552160997671308
0.01115749300151947
0.008207074002712034
0.00592564799808315
0.010210492997430265
0.0025111079994530883
0.0017599519997020252
0.00959603900264483
0.002903787997638574
0.0104490599987912
0.01013902200065786
0.003891108000971144
0.00486997499683639
0.0002533189981477335
0.005689207999239443
0.0051571520016295835
0.008239676997618517
0.004936649998853682
0.0013483650000125635
0.006875106999359559
0.001215657001012005
0.008158285003446508
0.008160632998624351
0.009934932997566648
0.008714166000572732
0.008525274999556132
0.0009053799985849764
0.01165842099726433
0.00965952999831643
0.003038375001779059
0.009937712999089854
0.012402552001731237
0.009425964999536518
0.006264426003326662
0.00792324599751737
0.005528875000891276
0.005636814003082691
0.00785318999987794
0.0028892390000692103
0.0006757650007784832
0.000270606000412954
0.007011604000581428
0.0017739229988364968
0.005710937999538146
0.012327956002991414
0.00879214700034936
0.002450715001032222
0.0009294470000895672
0.006347407997964183
0.007817040001100395
0.0014033639999979641
0.0010485800012247637
4.132600224693306e-05
0.011707636000210186
0.010422859999380307
0.0009479920008743647
0.011800438001955627
0.0010229029976471793
0.0016874319990165532
0.009300775000156136
0.01030729099875316
0.0056689379998715594
0.007218714999908116
0.006210062998434296
0.004938170000968967
0.011374674999387935
0.007784954003000166
0.0062443870010611136
0.0058748819974425714
0.008544250998966163
0.008250475002569146
0.0035893319982278626
0.004102512000827119
0.008104214000923093
0.0029251849991851486
0.0037771240022266284
0.00045436199798132293
0.009015322997584008
0.00956279700039886
0.002388787001109449
0.007000591998803429
0.001358836998406332
0.0005561530015256722
0.002978823999001179
0.012041337002301589
0.0022412090002035256
0.008552055998734431
0.002678703000128735
0.0075996390005457215
0.008638332001282834
0.005395615000452381
0.011194425998837687
0.010597409000183688
0.005840509002155159
0.009247617999790236
0.01074371200229507
0.00033204700230271555
0.0013771459998679347
0.002090015001158463
0.002129101998434635
0.0004519700014498085
0.007345456000621198
0.0027827689991681837
0.0003459780018602032
0.0015756669999973383
0.01087117700080853
0.00044731100206263363
0.004674854000768391
0.006316646002233028
0.005158126001333585
0.007190806998551125
0.004434865000803256
0.00378865700258757
0.006380150000040885
0.0052369659970281646
0.003356231001816923
0.011248615999647882
0.0023956099976203404
0.0005642709984385874
0.001406417999533005
0.008914999998523854
0.011242215001402656
0.0012659710009756964
0.008256413002527552
0.012644244001421612
0.007188945000962121
0.009324933002062608
0.008506633999786573
0.00753899499977706
0.0003291469984105788
0.009874750998278614
0.003874835001624888
0.006676818000414642
0.007091232000675518
2.5434001145185903e-05
0.0038771440013078973
0.006005853003443917
0.011573992000194266
0.008282552000309806
0.00033746100234566256
0.006573799000761937
0.001941578997502802
0.0005409540026448667
0.0074894079989462625
0.0014506459992844611
0.005488169997988734
0.0009611690002202522
0.0052296819994808175
0.000265765000222018
0.004425649996846914
0.009499446001427714
0.00024354600100195967
0.008854525996866869
0.006333604000246851
0.012104983998142416
0.006224477998330258
0.008683885000209557
0.011985146997176344
0.011749167999369092
0.003367663000972243
0.00706755300052464
0.008498614999552956
0.0015284010005416349
0.010902338999585481
0.004744574998767348
0.0034997319999092724
0.0012373580029816367
0.004393781997350743
0.008290876001410652
0.003695012997923186
0.001008227001875639
0.0005901080003241077
0.0022889840001880657
0.007862831000238657
0.0075460670013853814
0.006350514999212464
0.00899806700181216
0.004820832000405062
0.008937373000662774
0.0009737750006024726
0.009162379999906989
0.0002080349986499641
0.004877785002463497
0.011938165000174195
0.012184579998574918
0.0023908330003905576
0.010453581999172457
0.004203500000585336
0.011551323997991858
0.0045543590022134595
0.0037443039982463233
0.00019210400205338374
0.0069481880018429365
0.0009086610007216223
0.008872585000062827
0.01237404399944353
0.0003897829992638435
0.0020797849974769633
0.010688088997994782
0.009761607998370891
0.006857185999251669
0.0018512499991629738
0.009318290998635348
0.010550146998866694
0.01222539000082179
0.0026052409994008485
0.010628734999045264
0.010265036999044241
0.012136283003201243
0.01039613199827727
6.370299888658337e-05
0.004958343000907917
0.0011678169976221398
5.599900032393634e-05
0.0057683390004967805
0.011529256000358146
0.007993324001290603
0.00031228800071403384
0.004551572001219029
0.00930784299998777
0.012046678999467986
0.010164233000978129
0.007356231999438023
0.002840637000190327
0.01002973499998916
0.011664278001262574
0.007439870001689997
0.010156772998016095
0.0006126830012362916
0.01021496199973626
0.007394077998469584
0.00876887800041004
0.0007527039997512475
0.006736251001711935
0.006918015998962801
0.01218380799764418
0.005547982000280172
0.010899583001446445
0.010965033998218132
0.006129712000984
0.006391749000613345
0.008685521999723278
0.004678921999584418
0.0044566329997906
0.007926251000753837
0.008988015000795713
0.002343498003028799
0.0017765939992386848
0.007954419997986406
0.008939758998167235
0.004999231001420412
0.005322427001374308
0.011547861999133602
0.011361092001607176
0.008935244997701375
0.0012198660006106365
0.0020360710004752036
0.0017150169987871777
0.005393778999859933
0.0002590399999462534
0.01176838099854649
0.007770907999656629
0.008503507000568788
0.0006954089985811152
0.003946020999137545
0.012094213998352643
0.0070691799992346205
0.004383600000437582
0.007131578000553418
0.001155900001322152
0.00846695500149508
0.006230054998013657
0.00520525399770122
0.005006374998629326
0.011684525001328439
0.006535063999763224
0.0017365700005029794
0.007152341000619344
4.52860003861133e-05
0.005041979999077739
0.00041920299918274395
0.0062555210024584085
0.011028736000298522
0.008193072000722168
0.0007650890001968946
0.009834783999394858
0.0017382910009473562
0.010820257000887068
0.005730615001084516
0.004280749999452382
0.0009540470018691849
0.0015882340012467466
0.011482734000310302
0.012692478998360457
0.01004342899977928
0.008333478999702493
0.001779365000402322
0.0064763730006234255
0.006968319998122752
0.003430918000958627
0.008727116000954993
0.005730700999265537
0.011245058998611057
0.001792480001313379
0.010110616000019945
0.0017359560006298125
0.00554333900072379
0.004835173000174109
0.009260843999072677
0.004414676001033513
0.0013988800019433256
0.010788088002300356
0.009802722997847013
0.0019033919998037163
0.00921790400025202
0.0047363150006276555
0.006087418001698097
0.01208964699981152
0.009985839998989832
0.010477833002369152
0.004865523002081318
0.011254208999162074
0.009087400998396333
0.001276361999771325
0.008347101000254042
0.010625593000440858
0.010161344001971884
0.009049461001268355
0.005279419998259982
0.0043966550001641735
0.009523335997073445
0.005657986999722198
0.0006541210022987798
0.011813089000497712
0.006174561000079848
0.0045131020015105605
0.004057419999298872
0.01017374199727783
0.0011878819968842436
0.010558534999290714
0.008915021000575507
0.011831732001155615
0.01192981799977133
0.011304095001833048
0.01074070100003155
0.009678434998932062
0.0022156749982968904
0.0029515019996324554
0.005640286999550881
0.009368005001306301
0.007251684997754637
0.0059404560015536845
0.0016324360003636684
0.010494281999854138
0.002050155002507381
0.0047502310007985216
0.007479929001419805
0.011713318999682087
0.008805198998743435
0.0030654260008304846
0.005035479000071064
0.007824725002137711
0.0021839399996679276
0.011727908997272607
0.01166922000265913
0.010797050999826752
0.011470203000499168
0.002513520001230063
0.011135781001939904
0.011258284997893497
0.000999267998849973
0.0011862739993375726
0.004511854000156745
0.0018804239989549387
0.01211360299930675
0.007900355001766002
0.005310311000357615
0.007677982001041528
0.011196056002518162
0.009099803999561118
0.0046341689994733315
0.0001424509973730892
0.0008978359983302653
0.01182400899779168
0.0007813409974914975
0.009833978998358361
0.006886563001899049
0.009514895999018336
0.010237830003461568
0.010531208998145303
0.000553458998183487
0.01225934700050857
0.006426590000046417
0.009446803000173531
0.0052906870005244855
0.008492391996696824
0.005138308999448782
0.002020501997321844
0.00858483899719431
0.005609211999399122
0.011071917000663234
0.0038315089987008832
0.007692261999181937
0.009414321000804193
0.0008903620000637602
0.00882438199914759
0.002376975000515813
0.0022025569996912964
0.0030494919992634095
0.002263202997710323
0.006696503001876408
0.010843937998288311
0.0005513249998330139
0.0014428020003833808
0.006198868999490514
0.004774080996867269
0.011206322000361979
0.01230768100140267
0.004370144000859
0.011339014999975916
0.003968437998992158
0.0015422650030814111
0.009223502998793265
0.006137617998319911
0.01194164100161288
0.005174939000426093
0.0010193460002483334
0.007750739001494367
0.01247786800013273
0.0026197250008408446
0.006278360000578687
0.006015184000716545
0.002228421999461716
0.004255399002431659
0.0013992210006108508
0.009408146997884614
0.006320182998024393
0.006661362000158988
0.005485805999342119
0.009112179999647196
0.006749592001142446
0.00329101999886916
0.00026736099971458316
0.009504786001343746
0.006033367997588357
0.004289167998649646
0.0009651889995438978
0.009457726002437994
0.0008224410012189765
0.002078910998534411
0.0040711069996177685
0.0075435860017023515
0.00924672800101689
0.011592751998250606
0.007087794001563452
0.003095578998909332
0.006055279001884628
0.004919636001432082
0.008761534001678228
0.0061661460022151005
4.377799996291287e-05
0.0009065679987543263
0.003144152997265337
0.00785055099913734
0.004943637999531347
0.007076944999425905
0.0028068419996998273
0.0023766300000716
0.010869927999010542
8.765700113144703e-05
0.012709921000350732
0.007461908000550466
0.004093168001418235
0.00011076200098614208
0.0019373549985175487
0.0048222569967038
0.0005135549981787335
0.010301525999238947
0.004477051003050292
0.008533273998182267
0.0037052570005471352
0.002258284999697935
0.00874716799808084
0.0044810360013798345
0.008954625001933891
0.010909554999670945
0.006851279998954851
0.0049235009973926935
0.0045316720024857204
0.009137302000453928
0.009845102002145723
0.007814149001205806
0.001358910001727054
0.006123981998825911
0.005231002000073204
0.010430951999296667
0.010447933000250487
0.0028593729985004757
0.011295463002170436
0.006891658002132317
0.0021533959989028517
0.009754306000104407
0.008098870999674546
0.001036331999785034
0.0065276579989586025
