TESTE NÃO ORDENADO

0.00778632500077947
0.0038104810009826906
0.007703382998442976
0.003353035997861298
0.00021896100224694237
0.00041850599882309325
0.0003770829971472267
0.00030415500077651814
0.007230440001876559
0.0019760279974434525
0.002792436000163434
0.0019642480001493823
0.0063736490010342095
2.577099803602323e-05
0.005604893998679472
0.0018966060015372932
0.010119910999492276
0.0004083599997102283
0.0007279810015461408
0.006824300002335804
0.0021799069982080255
0.0011455530002422165
0.0017900150014611427
0.008948971997597255
0.002570798998931423
0.0026803239998116624
0.004801477000000887
0.005222823998337844
0.0010628570016706362
0.008067536000453401
0.0015771180005685892
0.003780497001571348
0.0018606000012368895
0.009110013997997157
0.007625204998475965
0.008994651998364134
0.0007623199999216013
0.005376462999265641
0.002963489001558628
0.002411059002042748
0.007795643999997992
0.0058473390017752536
0.008374193999770796
0.0023945270004332997
0.0073172149968741
0.005097684999782359
0.003474435998214176
0.002578867999545764
0.009049779000633862
0.004784993998327991
0.00661304399909568
0.005495966001035413
0.004140224998991471
0.008869735000189394
0.00037308399987523444
0.010147573997528525
0.0005851009991602041
0.001446073001716286
0.003072535000683274
0.0019466260018816683
0.0006803129981562961
0.005760321000707336
0.002160518000891898
0.0006296600004134234
0.0029670509975403547
0.004882694000116317
0.009200769000017317
0.003481746000034036
0.006272547998378286
0.007066744001349434
0.005725488997995853
0.00897178200102644
0.002759071998298168
0.006428377000702312
0.0029842879994248506
0.0016835419992276002
0.006127654000010807
0.004339088998676743
0.007187883002188755
0.0043701920003513806
0.002433490000839811
0.008038734998990549
0.002477297999575967
0.006793406999349827
0.003045883000595495
0.008585933999711415
0.0064796539991220925
0.012314412997511681
0.00464113899943186
0.002209964997746283
0.0008312429999932647
0.0018837559982785024
0.0066239779989700764
0.0024020110031415243
0.0007207259986898862
0.005287479998514755
0.010516976999497274
0.007140540998079814
0.005695605999790132
0.004072734998771921
0.00912468699971214
0.008550683000066783
0.002819179997459287
0.0015901080005278345
0.0009433509985683486
0.0002941900020232424
0.002327441001398256
0.0034557969993329607
0.004931359999318374
0.0029791449996992014
0.0010108019996550865
0.006323036999674514
0.005385223998018773
0.004097924000234343
0.005081432002043584
0.008802573000139091
0.008710149002581602
0.0007792510004946962
0.006271856000239495
0.007602065001265146
0.003973323000536766
0.009208380997733911
9.583100109011866e-05
0.0062750489996687975
0.0040331630007131025
0.006759993000741815
0.001209444999403786
0.009497169998212485
0.008322521000081906
0.008621459997812053
0.0021327709982870147
0.010135885000636335
0.007510391002142569
0.008451149002212333
0.0001826230000006035
0.0029669310024473816
0.00406596000175341
0.008461598001304083
0.005398625002271729
0.004232878000038909
0.006235437998839188
0.00013817099898005836
0.005714294999052072
0.0018023519987764303
8.72249984240625e-05
0.010077675000502495
0.007863929997256491
0.0032066210005723406
0.006196045000251615
0.0017913480005518068
0.006246552999073174
0.005619929997919826
0.00894634100041003
0.0019740750030905474
0.002020880998315988
0.001372716997138923
0.00036624399945139885
0.005867242001841078
0.005424536997452378
0.005898942999920109
0.009017514003062388
0.004595324000547407
0.00023903300098027103
0.0038163480021466967
0.006253924002521671
0.0005808060013805516
0.008479783999064239
0.006411624999600463
0.0055592009994143154
0.006527720001031412
0.00419806699937908
0.0005085280026833061
0.006537626999488566
0.0073694090024218895
0.007163057001889683
0.004510049999225885
0.007290998000826221
0.006419618999643717
0.0034761579991027247
0.0005887209990760311
0.007928768998681335
0.001884414999949513
0.005653289001202211
0.005446443999971962
0.003883252000377979
0.007700399997702334
0.003653215000667842
0.0043213159988226835
0.0017396410003129859
0.0036200969989295118
0.005683669001882663
0.0069285919998947065
0.0002712779969442636
0.00799898100012797
0.00987721600176883
0.00012054100079694763
0.0005026979997637682
0.0006055399971955922
0.00478563800061238
0.0036001309999846853
0.005730663000576897
0.0027670339986798353
0.009449684999708552
0.00558816500051762
0.0009622239995223936
0.003651044000434922
0.004731103002995951
0.004868567000812618
0.007441869001922896
0.007024087997706374
0.00320591000127024
0.0015918190001684707
0.0072791649981809314
0.0036152169996057637
0.007463497000571806
0.004700199999206234
0.003149367999867536
0.0009992049999709707
0.0017121019991463982
0.008181698998669162
0.004295197999454103
0.009902794001391158
0.004395067000587005
0.00530775600054767
0.0035427010006969795
0.007963470001413953
0.0027736979973269626
0.009810709998419043
0.005533815998205682
0.0033615480024309363
0.0020792640025319997
0.004020062999188667
0.0027619940010481514
0.006058746999769937
0.0008969520022219513
0.009394331002113177
0.006024056998285232
0.002379184999881545
0.00035418400148046203
0.0020258479999029078
0.008192735996999545
0.010268450998410117
0.00468082199950004
0.007472621000488289
0.006810516999394167
0.00845128099899739
0.00494711300052586
0.0002779119968181476
0.0010976649973599706
0.0016677280000294559
0.007845562999136746
0.006909056999575114
4.030299896840006e-05
0.0048557029986113776
0.005298975000187056
0.00016068900004029274
0.00587432799875387
0.00017113200010498986
0.005023607998737134
0.005608832001598785
0.009542812000290724
0.0077108240002417006
0.0054770319984527305
0.004908401002467144
0.0031559549970552325
0.005463425000925781
0.006613240999286063
0.00550195699906908
0.004253602000972023
0.007795606998115545
0.009928780000336701
0.006803729997045593
0.0019195909990230575
0.0003749210009118542
0.008805608998954995
0.00011861100210808218
0.0037670519996026997
0.002056756999081699
0.005876021001313347
0.002229526999144582
0.006280497997067869
0.0031508009997196496
0.006538171997817699
0.006023472000379115
0.005944117998296861
0.006722410998918349
0.004649016998882871
0.0007886280000093393
0.004446031998668332
0.00492647699866211
0.00029746099971816875
0.001824551000026986
0.00549855999997817
0.006137930999102537
0.0010843430027307477
0.00525573000049917
0.006097235000197543
0.005546021999180084
0.001233306000358425
0.006993361999775516
0.0008723159990040585
0.004955737000273075
0.00801856299949577
0.0010690649978641886
0.008212635999370832
0.0076694929994118866
0.00046226799895521253
0.0012326910000410862
0.008748550997552229
0.0020275770002626814
0.00354373700247379
0.004553692000627052
0.004338516002462711
0.00792661499872338
0.0059004950016969815
0.007282340000529075
0.006019784999807598
0.005752142002165783
0.009524509998300346
0.007446327999787172
0.00023178000265033916
0.0022958850022405386
0.0022867509978823364
0.0007046169994282536
0.005408860997704323
0.006964265998249175
0.0048646169998392
0.005888424999284325
0.006509973001811886
0.006120750000263797
0.010353899000620004
0.005003703998227138
0.0010213589994236827
0.008081365001999075
0.0057836719970509876
0.007818424001015956
0.00241392699899734
0.008325364000484115
0.00423596999826259
0.0012827440004912205
0.002155816000595223
0.007314292997762095
0.003517024000757374
0.002195523000409594
0.0037752619973616675
0.0007903329969849437
0.004665694999857806
0.004838125001697335
0.002895084999181563
0.007253371997649083
0.0018521760030125733
0.00038006400063750334
0.001839570002630353
0.003088934998231707
0.0022193389995663892
0.0033158320002257824
0.003941954000765691
0.0003686620002554264
0.0082444259969634
0.0070982340002956335
0.0071073390026867855
0.00012228600098751485
0.007222952997835819
0.004108647000975907
0.00024808399757603183
0.008338619001733605
0.004960034999385243
0.0077452530022128485
0.0060171740005898755
0.0056827809967217036
0.005462567001814023
0.0027103550019091927
0.008114535998174688
0.007295888997759903
0.008189116000721697
0.00891537100324058
0.008235271998273674
0.0012232779990881681
0.008503433000441873
0.0031699520004622173
0.0025713690010888968
0.006096919998526573
0.007623302000865806
0.006148448999738321
0.005057955997472163
0.00866528299957281
0.008927687998948386
0.0036853019992122427
0.006709852998028509
0.005052431999502005
0.007453654001437826
0.00917820699760341
0.00017869999646791257
0.0035408049989200663
0.007653246000700165
0.009020258999953512
0.007214967998152133
0.004238372999679996
0.0005606620034086518
0.004342772997915745
0.001405081002303632
0.004847815001994604
0.006819048001489136
0.0081324439997843
0.005083587002445711
0.004480698000406846
0.006789959999878192
0.0034782269976858515
0.00032805799855850637
0.005427448999398621
0.004942872001265641
0.006743701997038443
0.001220387999637751
0.006802853000408504
0.0037064339994685724
0.007203410001238808
0.0008210229971155059
0.0016380070010200143
0.006938418999197893
0.006357653001032304
0.007921582997369114
0.0014910229983797763
0.0043300040015310515
0.0005940090013609733
0.004672498002037173
0.006266663000133121
0.004756900001666509
0.0056651230006536935
0.008082275002379902
0.005737464998674113
0.0030984889999672305
0.007160411001677858
0.0013282830004754942
0.002678397999261506
0.0026443699971423484
0.009900836997985607
0.007506783997087041
0.006617805000132648
0.00837326100008795
0.001426402999641141
0.007532286999776261
0.00434232300176518
0.005107185999804642
0.0026409290003357455
0.0026570170011837035
0.008142532002239022
0.0053375460011011455
0.00926003499989747
0.007516765999753261
0.004497254001762485
0.010186073002842022
0.0019371700000192504
5.8274999901186675e-05
0.004858031999901868
0.0029157259996281937
0.0045939819974591956
0.005831458001921419
0.001155599999037804
0.00621355299881543
0.0071484090003650635
0.001995220998651348
0.0029861270013498142
0.00411008500304888
0.005745950998971239
0.0031411590025527403
0.0028193929974804632
0.004407591000926914
0.006920309999259189
0.0017839850006566849
0.0028517930004454684
0.001149384999735048
0.008269387999462197
0.010207486000581412
0.00012211200009915046
0.004506924000452273
0.005182634999073343
0.001771316001395462
0.005345087000023341
0.00453288800053997
0.01180460500108893
0.0023961680017237086
0.016857997001352487
0.0032543160014029127
0.010713888001191663
0.027639186999294907
0.012385514000925468
0.016339055000571534
0.007260700000188081
0.018139127998438198
0.012143681000452489
0.008997715001896722
0.0031564720011374447
0.02586778800105094
0.00291747499795747
0.005875778002518928
0.014396085996850161
0.008681129998876713
0.003967208998801652
0.006319572999927914
0.017748491998645477
0.020472437998250825
0.017061538001144072
0.013647490999574075
0.01580688600006397
0.006070104998798342
0.01628977500149631
0.000856776001455728
0.01598330500200973
0.007526266999775544
0.0007236400015244726
0.001096078001864953
0.01923816800263012
0.02678533699872787
0.008176647999789566
0.016345186999387806
0.009375861001899466
0.0016549020001548342
0.014118761002464453
0.016921106001973385
0.017723010998452082
0.009664608998718904
0.0029675020014110487
0.022017956998752197
0.02023115599877201
0.021571031997154932
0.013520993001293391
0.02112708200002089
0.021571297002083156
0.013212249003117904
0.003319247996842023
0.0019936119970225263
0.006326627000817098
0.024838058998284396
0.014309414000308607
0.01616240500152344
0.0018699510001169983
0.013025792999542318
0.005009407999750692
0.0006762029988749418
0.025673009997262852
0.03968221100149094
0.012291126000491204
0.03274446000068565
0.014067895997868618
0.005780781000794377
0.023446008999599144
0.021378698002081364
0.024716487001569476
0.02315650899981847
0.008257540001068264
0.013356576997466618
0.024812032002955675
0.02520791300048586
0.01397995699880994
0.0027278419984213542
0.0035543650010367855
0.020217728000716306
0.016116599002998555
0.019363022001925856
0.00856825400114758
0.0018998000014107674
0.01869348300169804
0.013200990000768797
0.011776143001043238
0.01497224400009145
0.02325855199887883
0.018879933002608595
0.01190325599964126
0.015594029002386378
0.024405985001067165
0.009533273998385994
0.009844152998994105
0.002755112000158988
0.015769878002174664
0.0010499680029170122
0.007938390001072548
0.005837075001181802
0.001887195001472719
0.014238342999306042
0.015419078998093028
0.023527605000708718
0.009181351997540332
0.018356532000325387
0.011307327997201355
0.00511613599883276
0.012927973999467213
0.012406963000103133
0.011878290999447927
0.0018659359993762337
0.02218172900029458
0.020334079999884125
0.007085033001203556
0.024124501000187593
0.0005197540012886748
0.007362959000602132
0.001955413001269335
0.013325539002835285
0.006142491998616606
0.0010321420013497118
0.022404813000321155
0.017264095997234108
0.003452548000495881
0.001724918998661451
0.009756407998793293
0.014850048999505816
0.001855128000897821
0.011738405999494717
0.008151244001055602
0.022861919002025388
0.00689608700122335
0.016923748000408523
0.007749876000161748
0.005737441999372095
0.0030398320013773628
0.020256953001080547
0.02747049000026891
0.012129989001550712
0.02438894000079017
0.014602945000660839
0.01244043699989561
0.012276132001716178
0.010556405002716929
0.0148287000010896
0.01863360700008343
0.02798769900255138
0.011423976000514813
0.005036690003180411
0.017348705001495546
0.01543429200319224
0.014876937999360962
0.006243968997296179
0.01730410999880405
0.010163445000216598
0.020760602001246298
0.006881626999529544
0.016408045001298888
0.013030171998252627
0.02326225100114243
0.022435102000599727
0.014355085000715917
0.00526489999901969
0.009780158998182742
0.003470505998848239
0.019654496001749067
0.006506058001832571
0.013328449000255205
0.023488491999160033
0.019535878996975953
0.02367318300093757
0.01755926400073804
0.02015801599918632
0.0011092240019934252
0.027668542999890633
0.02154928900199593
0.00928904399916064
0.0060439370026870165
0.0003521569997246843
0.025174620001052972
0.008869764998962637
0.0034208759971079417
0.010114360000443412
0.013715392000449356
0.021068269001261797
0.004579966000164859
0.011560769999050535
0.01432150099935825
0.003132488000119338
0.027136315002280753
0.02344074000211549
0.01425655899947742
0.006624167999689234
0.02658654499828117
0.0005157900013728067
0.02744715299922973
0.020994028000131948
0.007538594996731263
0.012842379001085646
0.024640106999868294
0.021374937998189125
0.009026473999256268
0.01714564100257121
0.003248245000577299
0.015045501000713557
0.02198674499959452
0.02586805499959155
0.023585393999383086
0.0003666020020318683
0.011963697997998679
0.02687908299776609
0.0022679869980493095
0.01419671300027403
0.012585082000441616
0.01040794599975925
0.0022621940006501973
0.004891060998488683
0.021341452000342542
0.025868886998068774
0.014334056999359746
0.0005636269997921772
0.0065974789977190085
0.013115743000525981
0.023553874998469837
0.00020411599689396098
0.009049154999956954
0.01203735300077824
0.019308924998767907
0.013984159999381518
0.024364379998587538
0.02333617200201843
0.02161843000067165
0.015472154998860788
0.011763324997446034
0.006136797001090599
0.017565385001944378
0.009587585998815484
0.011922658999537816
0.013294722000864567
0.015091845001734328
0.013939404001575895
0.017403650999767706
0.024568075001297984
0.008831341001496185
0.02117344500220497
0.006846160002169199
0.021008814001106657
0.007164604001445696
0.027014093000616413
0.010790640000777785
0.01870292000239715
0.02485150200300268
0.02263262999986182
0.01705198499985272
0.004018880001240177
0.02722678600184736
0.015663373000279535
0.006056243000784889
0.010187496998696588
0.003388667002582224
0.024502226002368843
0.02511455199783086
0.004261318998032948
0.013296815999638056
0.02105185199980042
0.026464498998393537
0.01152026399722672
0.007507416001317324
0.026122458999452647
0.016943849997915095
0.021060237999336096
0.011797764997027116
0.006779625000490341
0.025155846000416204
0.017653210001299158
0.014997706999565708
0.0013686050006072037
0.01251885300007416
0.01482311699874117
0.019107619998976588
0.019161408999934793
0.009250617997167865
0.01270897499853163
0.011075075999542605
0.0009701489980216138
0.010105697998369578
0.004806019001989625
0.0023506430006818846
0.01957554199907463
0.007108538997272262
0.01941495500068413
0.025899327996739885
0.012483390997658717
0.017337688001134666
0.020988816999306437
0.003747184997337172
0.0039194609998958185
0.021936170000117272
0.0016925939999055117
0.016902202001801925
0.026120062997506466
0.005371314000512939
0.0208333609989495
0.0290940849990875
0.024704678002308356
0.021937622001132695
0.014346462001412874
0.01517256199804251
0.02005354900029488
0.00482856999951764
0.02509164599905489
0.010123369000211824
0.02363441600027727
0.00858376600081101
0.023181674001534702
0.022952237002755282
0.0007942110023577698
0.00011093599823652767
0.0055359239995596
0.01618340899949544
0.004793845000676811
0.00890966899896739
0.015580357001454104
0.0215061839990085
0.014211821999197127
0.013738158999331063
0.017949262000911403
0.0023744060017634183
0.005374991997086909
0.024553290000767447
0.00852542700158665
0.009348682000563713
0.021727560000726953
0.020676226002251497
0.005302014000335475
0.012010669001028873
0.001233114002388902
0.027338947998941876
0.009212706001562765
0.020191474999592174
0.02286409600128536
0.0014958969986764714
0.027330416000040714
0.017224459999852115
0.010558205998677295
0.015939526001602644
0.0022959650013945065
0.004985034000128508
0.01421675700112246
0.002876931001082994
0.007532731000537751
0.016050040001573507
0.019328303998918273
0.02610243600065587
0.026758299998618895
0.020120039000175893
0.0023392030016111676
0.015917641001578886
0.006884689002617961
0.009895531999063678
0.02535564200297813
0.017745233002642635
0.02110176000132924
0.026904754002316622
0.014862539999739965
0.019098180000582943
0.022927288002392743
0.012196577001304831
0.025761493998288643
0.0032256659978884272
0.008304131002660142
0.02246282399937627
0.023434614999132464
0.028348355001071468
0.0038482380005007144
0.022237275003135437
0.023514176999015035
0.009390950999659253
0.005055237001215573
0.020124808001128258
0.008159836997947423
0.014588867998099886
0.025613572001020657
0.014415460998861818
0.022505040000396548
0.0017658169999776874
0.004949080997903366
0.0010243079996143933
0.01206884799830732
0.020173772998532513
0.0027184899990970735
0.012504179001552984
0.006483182001829846
0.0038451510008599143
0.02256608899915591
0.003458564999164082
0.006221198000275763
0.019318228001793614
0.02098237799873459
0.025214246001269203
0.0008416170021519065
0.01520370900107082
0.011742374001187272
0.021754141998826526
0.01149099199756165
0.006284095998125849
0.018126328999642283
0.006459339001594344
0.015415920999657828
0.016881657000340056
0.006614775000343798
0.00016556199989281595
0.02566530799958855
0.011158462999446783
0.021702283000195166
0.012767169999278849
0.022306872000626754
0.0040453260007780045
0.013445513999613468
0.009324869999545626
0.003752935997908935
0.017971055996895302
0.024768447001406457
0.005027160997997271
0.006956289002118865
0.012370618002023548
0.014847208996798145
0.0007817149999027606
0.011196160998224514
0.0004031200005556457
0.014340820001962129
0.015946960000292165
0.012277824996999698
0.015196333999483613
0.022087655997893307
0.008148298002197407
0.023090806000254815
0.020619701001123758
0.018409817999781808
0.019535702998837223
0.007319108000956476
0.0075234579999232665
0.0031914540013531223
0.012860613998782355
0.013731315997574711
0.009187946998281404
0.010793727000418585
0.0036184620003041346
0.008117506000417052
0.01718722700024955
0.012310672002058709
0.027825287001178367
0.026769039999635424
0.015464044001419097
0.020859833999566035
0.02694232700014254
0.019144786998367636
0.02717817200027639
0.011400646999391029
0.014904255000146804
0.027686165001796326
0.023848236000048928
0.026979172002029372
0.016825446000439115
0.010229690000414848
0.007086779998644488
0.0009027359992614947
0.024532868999813218
0.007899616997747216
0.015577449001284549
0.001186602999950992
0.013926261999586131
0.017379793000145582
0.012292905001231702
0.020133422000071732
0.01390593999894918
0.0004595239988702815
0.024622756001917878
0.020559103002597112
0.0020730950018332805
0.0020622029987862334
0.022458799998275936
0.00493756600189954
0.012174351002613548
0.017570211999554886
0.0015917599994281773
0.021724750997236697
0.023729871998511953
0.0033831170003395528
0.0023792559986759443
0.024428275999525795
0.003767186997720273
0.013353652000660077
0.02186077299847966
0.0022373329993570223
0.017370551999192685
0.01482390000091982
0.015119495998078492
0.0033999810002569575
0.005827904999023303
0.01665093900010106
0.004768597002112074
0.0017397260016878136
0.018920014998002443
0.0033552849999978207
0.021192133997828932
0.006464759000664344
0.010314097999071237
0.005482087999553187
0.011562114999833284
0.0014951640005165245
0.008669126000313554
0.018261803001223598
0.016856637001183117
0.013262871998449555
0.0046075949976511765
0.012628067001060117
0.004008667001471622
0.0013757710003119428
0.005241928996838396
0.0008630090014776215
0.011141014998429455

TESTE ORDENADO CRESCENTEMENTE

0.013496347000909736
0.01153443500152207
0.012857736997830216
0.004702542999439174
0.0051768280027317815
0.008099548998870887
0.007787750000716187
0.009082960001251195
0.016002209998987382
0.011448877001384972
0.0005777999976999126
0.007114758998795878
0.013307426997926086
0.016952395999396686
0.0026951110012305435
0.0003830299974652007
0.00339321599676623
0.017272483997658128
0.0052852320004603826
0.005249871999694733
0.003428677999181673
0.013638698001159355
0.003420202003326267
0.003640022001491161
0.0031062380003277212
0.0052886719968228135
4.5863998821005225e-05
0.014123236000159523
0.011601578997215256
0.0016832529981911648
0.010411431998363696
0.0046333699974638876
0.0011748560027626809
0.004220662998704938
0.004919394003081834
0.01558874799957266
0.010198600000876468
0.0008662139989610296
0.014269192000938347
0.013660692002304131
0.00933282099867938
0.006200940999406157
0.0055838689986558165
0.009319250002590707
0.010406607001641532
0.005542694998439401
0.0012044379982398823
0.013049413999397075
0.014759693000087282
0.00888247699913336
0.0110950789967319
0.014978448001784272
0.017424600999220274
0.015727606001746608
0.0021989650012983475
0.011351176999596646
0.013334242001292296
0.00300493299801019
0.0055222519986273255
0.00026223300301353447
0.0058651860017562285
0.015443558000697521
0.012541830998088699
0.005889584001124604
0.0013710519997403026
0.005397183002060046
0.003072316001635045
0.0006759830030205194
0.014784027000132482
0.0157251400014502
0.0008242359981522895
0.005222705000051064
0.002386079002462793
0.013404171997535741
0.00031292600033339113
0.01064237399987178
0.015581459003442433
0.010863314997550333
0.001241883001057431
0.006597499999770662
0.012539354000182357
0.002877393999369815
0.002490871000190964
0.0030636769988632295
0.0036287180009821896
0.004376101998786908
0.0160544159989513
0.015286393001588294
0.0030383529992832337
0.012343403999693692
0.0010747409978648648
0.014358817999891471
0.016051484002673533
0.00138464900010149
0.011868858000525506
0.008631567998236278
0.016243705002125353
0.004324323002947494
0.0015109559972188435
0.007581038000353146
0.0038547119984286837
0.008987152999907266
0.00407400900076027
0.0032772769991424866
0.005926129000727087
0.013162294002540875
0.0032969899984891526
0.0025437039985263254
0.000897044999874197
0.008945851001044502
0.017549428997881478
0.00725249300012365
0.007736585001111962
0.01149982399874716
0.0021480719988176133
0.011158655997860478
0.011833451000711648
0.0019239060020481702
0.00412594899898977
0.013225434999185381
0.003452734999882523
0.0010796920032589696
0.009019730001455173
0.01128102200163994
0.0019298010010970756
0.01004496600216953
0.0039006980005069636
0.0010420799990242813
0.01531982799860998
0.014238069001294207
0.015074176000780426
0.011560848000954138
0.008919074000004912
0.005585171998973237
0.017287711998505984
0.00410771799943177
0.01283301399962511
0.004873253001278499
0.015511462002905319
0.004738806997920619
0.009468670999922324
0.016075976000138326
0.0033883780015457887
0.014646345996879973
0.005786996000097133
0.006646885998634389
0.006776324000384193
0.0026321570003347006
0.0035833049987559207
0.012873233998107025
0.0004144449994782917
0.013457777000439819
0.012648747997445753
0.0005075769986433443
0.0031163259991444647
0.014139869999780785
0.012777007999829948
0.011699833998136455
0.009222972999850754
0.011450113001046702
0.0187946380028734
0.0025567849988874514
0.015399957002955489
0.001049104001140222
0.004265620002115611
0.004753809997055214
0.0011593099989113398
0.017530418001115322
0.01473703800002113
0.006449753000197234
0.011166831998707494
0.0073312450003868435
0.004631310002878308
0.014931134999642381
0.0014336519998323638
0.008274411997263087
0.005589382999460213
0.0035799910001514945
0.006697937998978887
0.009080101001018193
0.0041009380001924
0.008696139997482533
0.017451161998906173
0.006416954998712754
0.008286501000839053
0.004768217000673758
0.0038208179976209067
0.014873510001052637
0.004659553000237793
0.000511393001943361
0.00941051200061338
0.010907395000685938
0.007940076997329015
0.013565844998083776
0.009268181001971243
0.006537469002068974
0.008759228996495949
0.014052303999051219
0.005999988999974448
0.015992515000107232
0.01662329399914597
0.014288132999354275
0.011319094999635126
0.01067702799991821
0.004180282001470914
0.004626640999049414
0.01398096900084056
0.008199297000828665
0.015072189999045804
0.008570272002543788
0.0014824680001765955
0.01567354800135945
0.00825324799734517
0.001629513000807492
0.01638490500045009
0.013723084000957897
0.008202637000067625
0.006547813001816394
0.012130151997553185
0.009614981998311123
0.017319714999757707
0.013493059999746038
0.01345839300120133
0.00408468699970399
0.0027928710005653556
0.003819959998509148
0.0021016169994254597
0.014039581998076756
0.004838680997636402
6.106899672886357e-05
0.007694012001593364
0.015290177998394938
0.004548835000605322
0.006614089998038253
0.0055939320009201765
0.00012183699800516479
0.004428338001162047
0.00775308800075436
0.004446544000529684
0.005555337000259897
0.01428750600098283
0.013058762000582647
0.0151005730003817
0.016456871999253053
0.011242877000768203
0.011229577001358848
0.013548442999308463
0.01274018900221563
0.014591197003028356
0.003481714997178642
0.014688844999909634
0.015772508002555696
0.00046124299842631444
0.014633904000220355
0.008949464001489105
0.01054523999846424
0.004249672998412279
0.012083842000720324
0.00895367399789393
0.01639587899990147
0.015760636000777595
0.014305050997791113
0.0012678960010816809
0.013766195999778574
0.015647041000192985
0.0043230699993728194
0.009132420000241837
0.0036683439975604415
0.0028458769993449096
0.0020421029985300265
0.013789683998766122
0.0020309300016378984
0.014751405000424711
0.016796070001873886
0.0055553470010636374
0.005856052997842198
0.005576195002504392
0.010937619001197163
0.00487949899979867
0.005791229999886127
0.0009308819971920457
0.003096681000897661
0.01049244599926169
0.015064690000144765
0.007385411998257041
0.0024015790004341397
0.008138664001307916
0.005176856997422874
0.010177559001022018
0.010754070000984939
0.014671230997919338
0.010272371997416485
0.012357727999187773
0.003089234000071883
0.004166181999607943
0.01235026900030789
0.0023487319995183498
0.0034598569982335903
0.004106389002117794
0.005883789999643341
0.01509151599748293
0.014632295999035705
0.005574352999246912
0.002228500001365319
0.00567303199932212
0.002472611999110086
0.0019801650014414918
0.010181652000028407
0.012456018001103075
0.011264175998803694
0.013215946000855183
0.008506548998411745
0.0002545509996707551
0.005360175997338956
0.006693716000881977
0.010948836999887135
0.016092550999019295
0.006183935998706147
0.007023302998277359
0.00408462500126916
0.011812271000962937
0.01688432999799261
0.016079577999335015
0.008321433000674006
0.007705954001721693
0.008317416999489069
0.009392869000294013
0.01651103900076123
0.00967879200106836
0.002358707999519538
0.016234734997851774
0.0055559269967488945
0.01622053399842116
0.0005081480012449902
0.009461540998017881
0.000193394000234548
0.01637316299820668
0.009380034000059823
0.014472369999566581
0.010082095999678131
0.01241616100014653
0.006134254999778932
0.012067572999512777
0.008323797999764793
0.0013412799999059644
0.004161921999184415
0.01424445899829152
0.001920069000334479
0.013445271000819048
0.012470541998482076
0.0025462259982305113
0.008021650999580743
0.00732858600167674
0.0036390999994182494
0.010526387999561848
0.0145362910006952
0.01287274000060279
0.01285412300057942
0.009266195000236621
0.005958507001196267
0.002223588999186177
0.0050246599967067596
0.008399318998272065
0.014287445999798365
0.007296244999452028
0.012188128999696346
0.015298792997782584
0.01746678700146731
0.0026448969983903226
0.0068266700000094716
0.015116869999474147
0.006039009000232909
0.015544590998615604
0.005346795998775633
0.00116963499749545
0.015387467999971705
0.01414937200024724
0.0052075630010222085
0.0002497380010026973
0.011266719000559533
0.010496323997358559
0.01800694499979727
0.00027969800066784956
0.012208126001496566
0.015109018997463863
0.017388069001754047
0.009828103000472765
0.017216983000253094
0.012159802998212399
0.009741088997543557
0.005933775002631592
0.0031113019977055956
0.011751423000532668
0.0064234120000037365
0.010241116000543116
0.0006312660007097293
0.012313356000959175
0.006916951002494898
0.012507179999374785
0.015781530000822386
0.013604370000393828
0.01715238699762267
0.006465976002800744
0.011226299000554718
0.012358646999928169
0.00986874700174667
0.0022098240006016567
0.003530300997226732
0.001429798998287879
0.002912291998654837
0.005852603000676027
0.01683194199722493
0.011303630999464076
0.007607046998600708
0.010035843999503413
0.005752557000960223
0.011194661998160882
0.006316961000266019
0.012066072999004973
0.010329407003155211
0.01800215500043123
0.0030658269970444962
0.00829760700071347
0.0014402640008484013
0.005455677001009462
0.014952983998227865
0.015588482998282416
0.006695785999909276
0.009156614996754797
0.01302387600298971
0.014680905002023792
0.013582928000687389
0.0022505880006065127
0.0037442480024765246
0.007211681000626413
0.011853161002363777
0.0049761539994506165
0.0016808599975774996
0.014506275998428464
0.00281588500001817
0.0034679229975154158
0.013165324002329726
0.016838782001286745
0.008765755999775138
0.009515689002000727
0.009364900997752557
0.0077211210009409115
0.0029456329975801054
0.0013767350028501824
0.013880010003049392
0.0012120140017941594
0.0069131899981584866
0.007954573000461096
0.0062494590019923635
0.005704029001208255
0.008033537000301294
0.012622493999515427
0.016142417000082787
0.016443238000647398
0.0035237789998063818
0.01537197400102741
0.003971595000621164
0.009194146998197539
0.014807393999944907
0.015594538002915215
0.006218828999408288
0.0018870929998229258
0.010470926001289627
0.002362177001486998
0.016163790998689365
0.01315666600203258
0.014635405997978523
0.014324416002637008
0.0036635270007536747
0.010995625998475589
0.015016160999948625
0.00013006299923290499
0.007998799002962187
0.0038761850009905174
0.010717707002186216
0.00838217900309246
0.00916268099899753
0.014476617001491832
0.0029487940009857994
0.005812068000523141
0.0013912760005041491
0.013287461999425432
0.0026007749984273687
0.006062974000087706
0.007629800002177944
0.013197844000387704
0.013994839999213582
0.012258595997991506
0.014379947999259457
0.0033880579976539593
0.005978064000373706
0.0009452060003241058
0.006141122998087667
0.008397539000725374
0.0020976119994884357
0.01127739600269706
0.014742596998985391
0.0037833030000911094
0.011065268001402728
0.0019512819999363273
0.0019704440019268077
0.011143257997900946
0.009389358998305397
0.016604157997790026
0.008450278000964317
0.009736766001879005
0.005101758000819245
0.008449116998235695
0.01531062399953953
0.007752224999421742
0.014496266998321516
0.005185998998058494
0.005418595999799436
0.0033271150023210794
0.004189447001408553
0.0033651609992375597
0.014120544998149853
0.0007915479982329998
0.004474042998481309
0.011843396001495421
0.002704238999285735
0.00023225599943543784
0.004760802999953739
0.008054898000409594
0.004763036999065662
0.007217673999548424
0.008409737998590572
0.0061149399989517406
0.012472972000978189
0.015855270001338795
0.01659119300165912
0.006371341001795372
0.014257113998610293
0.008923897999920882
0.00014215400005923584
0.004438774998561712
0.01173591199767543
0.01621529899784946
0.007465528997272486
0.005640438001137227
0.015419901003042469
0.014154470998619217
0.01750568699935684
0.0007422569979098625
0.0025225850004062522
0.013683017998118885
0.0010851220031327102
0.015366847997938748
0.013419782000710256
0.0044454980015871115
0.0031374249992950354
0.008105536999210017
0.005700839999917662
0.009127266999712447
0.011648141000478063
0.0013953500019852072
0.006088947000534972
0.008328837997396477
0.008920997999666724
0.005630923002172494
0.005570681001699995
0.010831160001544049
0.01169246500285226
0.005190531002881471
0.012496291001298232
0.010890528999880189
0.016948858999967342
0.0040945510008896235
0.002421663997665746
0.01206109499980812
0.007304606999241514
0.013411848001851467
0.016207954999117646
0.012217793002491817
0.00031717299862066284
0.012789698997949017
0.005722806999983732
0.01202975699925446
0.006632911001361208
0.003962939001212362
0.010339128002669895
0.0013182109978515655
0.0025861270005407277
0.008434909999778029
0.003971089998231037
0.0022515989985549822
0.01713962400026503
0.015526509003393585
0.013950147000286961
0.014741204999154434
0.016190620000998024
0.006896019000123488
0.013173176997952396
0.017046872999344487
0.013532180000765948
0.0014261489995988086
0.016231148998485878
0.010116312998434296
0.006760570002370514
0.009557735997077543
0.006225115001143422
0.00852930099790683
0.010094690002006246
0.008718293000129052
0.008366614998521982
0.010273570998833748
0.0007139290028135292
0.013626256000861758
0.015200278998236172
0.015458363999641733
0.004756097998324549
0.001010363001114456
0.012945582002430456
0.005284955997922225
0.00011574400195968337
0.007676970002648886
0.0037227770008030348
0.003771198000322329
0.0044639379993896
0.015464099997188896
0.0032125329998962115
0.010657503000402357
0.006623891000344884
0.005749615997046931
0.016710479998437222
0.010964883000269765
0.00759222799752024
0.0007134320003387984
0.006207296999491518
0.014932530000805855
0.00709059299697401
0.0146273599966662
0.015294715001800796
0.006302412999502849
0.015118495000933763
0.008270883998193312
0.015208545002678875
0.009361481002997607
0.015430043997184839
0.010535702000197489
0.0034120989985240158
0.014581297000404447
0.005306974999257363
0.007967050998558989
0.0004277640000509564
0.007030738001049031
0.0037409699980344158
0.0007588560001750011
0.0005938210015301593
0.010425751002912875
0.006830305999756092
0.0043299690005369484
0.013103840999974636
0.0015863279986660928
0.01051383999947575
0.01104088699867134
0.013779281998722581
0.01152384300075937
0.005076413002825575
0.009686848999990616
0.015552244996797526
0.015064130999235203
0.013836687001457904
0.005447735002235277
0.005113777999213198
0.006461166001827223
0.0033518490017740987
0.009181969999190187
0.0041358159978699405
0.013384513000346487
0.004249331999744754
0.01568191700062016
0.00971123700219323
1.690700082690455e-05
0.0006730540007993113
0.012453270999685628
0.0028741620008077007
0.010423746000014944
0.0007501170002797153
0.00953511399711715
0.010904544000368332
0.0174468520017399
0.007187349998275749
0.01697133999914513
0.004250805999618024
0.00030000400147400796
0.01593418499760446
0.01431536999734817
0.0021003729998483323
0.0027194329995836597
0.006201551997946808
0.014249079002183862
0.003453729998000199
0.0014588500016543549
0.0004258959997969214
0.012561652998556383
0.0020963229981134646
0.002429981999739539
0.0007335199989029206
0.002473257001838647
0.01605671099969186
0.009443390998058021
0.01570764400094049
0.016169482998520834
0.00974796599984984
0.0009420099995622877
0.005543642000702675
0.014492772999801673
0.011348281001119176
0.004227317000186304
0.0005180080006539356
0.002075680000416469
0.005448287000035634
0.011976657999184681
0.0031474050010729115
0.0007314979993680026
0.006746852999640396
0.0025818760004767682
0.013523137000447605
0.0027194670001335908
0.007178317999205319
0.005038136998336995
0.013567971000156831
0.00713223699858645
0.007411374997900566
0.00028282600032980554
0.009283862000302179
0.001391317000525305
0.0014114820005488582
0.007109438996849349
0.0067371069999353494
0.0051606630004243925
0.009423448998859385
0.008890851997421123
0.005629866998788202
0.004525821001152508
0.012988649999897461
0.013347576001251582
0.006575832001544768
0.005210332001297502
0.008597672000178136
0.007656243000383256
0.0004975720003130846
0.0014870060003886465
0.0035467109992168844
0.015436647001479287
0.012873600000602892
0.01469072799955029
0.008765481998125324
0.014871094001136953
0.0010662740023690276
0.00662082599956193
0.004184590998193016
0.013507131003279937
0.011641301000054227
0.00027362800028640777
0.007313982001505792
0.0091505620002863
0.005468765000841813
0.014660240998637164
0.005036170998209855
0.006736426999850664
0.007500460000301246
0.0102023610015749
0.0004191430016362574
0.008013672999368282
0.012712315998214763
0.007230234998132801
0.015968307001458015
0.008946707999712089
0.016762879997259006
0.007133799997973256
0.0018354079984419513
0.004246183001669124
0.015059568999276962
0.00300848299957579
0.012477363998186775
0.002051916002528742
0.009054422000190243
0.010216581998975016
0.013620399000501493
0.015184315001533832
0.0005268620006972924
0.00012216699906275608
0.003031715998076834
0.003970265999669209
0.012160440001025563
0.008779599997069454
0.006414088999008527
0.010567882000032114
0.0038623310028924607
0.009298080000007758
0.0017823980015236884
0.012770179000654025
0.002586468999652425
0.013689048999367515
0.008872556998539949
0.008904952999728266
0.0032098599986056797
0.009881242000119528
0.014299688002211042
0.0013439880021905992
0.003175613997882465
0.01334240299911471
0.004199854996841168
0.008590255998569774
0.006844980998721439
0.0004834059982385952
0.0025735449999046978
0.0015207629985525273
0.010583759998553433
0.0012979210005141795
0.0056835799987311475
0.013631090998387663
0.007965985001646914
0.0028343320009298623
0.0020109930010221433
0.0032167999997909646
0.007936538000649307
0.00992647500243038
0.004006146002211608
0.008164329999999609
0.015618695000739535
0.0017219940018549096
0.008470394001051318
0.01123735500004841
0.011580399001104524
0.003156503997161053
0.014574876997357933
0.003481414998532273
0.004592541001329664
0.0009762669978954364
0.0007677489993511699
0.0010834329987119418
0.001474972003052244
0.0028666910002357326
0.01731411000218941
0.015888518002611818
0.010136751996469684
0.00524153500009561
0.008415985001192894
0.009989260001020739
0.016447157999209594
0.0026052770008391235
0.01787392599726445
0.013138022997736698
0.007082142001308966
0.0010485839993634727
0.007180621003499255
0.015161449999141041
0.014991341999120777
0.007878659998823423
0.0159258450003108
0.00040618899947730824
0.0016903140021895524
0.002290447002451401
0.0015419650007970631
0.017100015000323765
0.002763461001450196
0.0018698320018302184
0.018732766002358403
0.018195577002188656
0.013878366000426468
0.016314005999447545
0.0002622499996505212
0.006376367997290799
0.011779303997172974
0.006253517000004649
0.0018472450028639287
0.003971613998146495
0.012811833999876399
0.01927698400322697
0.019191461000445997
0.0003893530010827817
0.018904234002548037
0.004160151001997292
0.009143192997726146
0.004634939003153704
0.0038514070001838263
0.0019206540018785745
0.02024499199978891
0.0001360990027023945
0.009282294999138685
0.005596920000243699
0.010912122997979168
0.006458066000050167
0.011149088000820484
0.0184722320009314
0.005673243002092931
0.011272055999143049
0.0013717040019400883
0.013450604998070048
0.007245691002026433
0.003787129000556888
0.013780591001705034
0.0061089160008123145
0.013395634996413719
0.012935838996781968
0.014307065997854806
0.012758544999087462
0.007582628997624852
0.0024375370012421627
0.015877341000305023
0.01475198700063629
0.008679447000758955
0.009334504000435118
0.0009631439970689826
0.00010176099749514833
0.009455061997869052
0.001424912999937078
0.01149116400119965
0.014122372002020711
0.0035777420016529504
0.008937685001001228
0.0006417369986593258
0.009128945999691496
0.01374700399901485
0.006413544000679394
0.00025666900182841346
0.012658617000852246
0.007394442000077106
0.006899785999848973
0.014135536999674514
0.009814091998123331
0.014830066000286024
0.004113694998522988
0.006559280001965817
0.005970745001832256
0.0070356649994209874
0.005086527999083046
0.007064354998874478
0.010352951001550537
0.016372603000490926
0.0031968219991540536
0.0070835120022820774
0.009810315998038277
0.016287792001094203
0.0034153589986090083
0.013612209000712028
0.014652092999313027
0.010251185001834529
0.0051357240008655936
0.0030636720002803486
0.0008128549998218659
0.007377868998446502
0.011816305999673204
0.007424786999763455
0.009594569000910269
0.004709191001893487
0.006924364999576937
0.016501469999639085
0.01632500699997763
0.011358797000866616
0.0058446399998501875
0.01065334799932316
0.006264739000471309
0.010893506998399971
0.014171178001561202
0.001635734999581473
0.0150972660012485
0.0001578779992996715
0.007433675000356743
0.0109031159990991
0.015281996998965042
0.014719348997459747
0.009095023000554647
0.015468887002498377
0.0031288739992305636
0.009375011002703104
0.0043060610005341005
0.009330685999884736
0.01421878499968443
0.004576944997097598
0.008892482001101598
0.0035326280012668576
0.0015696760019636713
0.00785817100040731
0.009134682000876637
0.008699054997123312
0.003207256999303354
0.0023178939991339575
0.006724042003042996
0.014528826999594457
0.007592154001031304
0.009397860998433316
0.0021932019990344997
0.0021687759981432464
0.011288147001323523
0.0011567620022105984
0.006790555999032222
0.014370586999575607
0.003365377997397445
0.0042463379977562
0.013237522998679196
0.008412677998421714

TESTE ORDENADO DECRESCENTEMENTE

0.004153638001298532
0.004560257002594881
0.002884251000068616
0.01355242100180476
0.011596590997214662
0.008764357000472955
0.009225398000126006
0.007620838998263935
0.0015011699979368132
0.00518253299742355
0.015544529000180773
0.010841833998711081
0.0036206750010023825
0.0003445709990046453
0.012869135000073584
0.017348208999464987
0.012200632998428773
0.00020340599803603254
0.010365794001700124
0.01100871000016923
0.011816564001492225
0.0036038749967701733
0.012989504000870511
0.011800169999332866
0.012895635998575017
0.010797450002428377
0.016618600002402673
0.004332935001002625
0.004967557000782108
0.013815591999446042
0.005830840000271564
0.012232790002599359
0.015041582999401726
0.011619621000136249
0.010693788000935456
0.0015545290007139556
0.005924457000219263
0.014869583999825409
0.0012736210010189097
0.003464790999714751
0.005637759997625835
0.010510943000554107
0.011119890001282329
0.0085450939986913
0.005112586000905139
0.008296421998238657
0.01604716500150971
0.0031256420006684493
0.001843614001700189
0.007532625000749249
0.006521993000205839
0.0010530569998081774
4.167999577475712e-06
0.000839921001897892
0.014911409001797438
0.005923543001699727
0.0030503300004056655
0.013528812000004109
0.011079261999839218
0.017422687000362203
0.011711431998264743
0.0017451209969294723
0.004179379997367505
0.011242542997933924
0.015437828998983605
0.009702236999146407
0.01461171100163483
0.016291223000735044
0.00320309000017005
0.0019520889982231893
0.0157072709989734
0.01149070600149571
0.015193141996860504
0.004073102001711959
0.01683039199997438
0.0065977819976978935
0.002077195000310894
0.005976989999908255
0.014136507998046
0.01044950900177355
0.004752626999106724
0.013600496000435669
0.015230468001391273
0.013516095998056699
0.013120497002091724
0.010853015999600757
0.0008511820014973637
0.0021846230010851286
0.013537601997086313
0.005529689999093534
0.014381695000338368
0.003407018000871176
0.0016591149978921749
0.015831597997021163
0.006088696001825156
0.007569936002255417
0.0018750500021269545
0.013629615998070221
0.015100265001819935
0.010154906998650404
0.012166019001597306
0.008582132002629805
0.013815974998578895
0.011684473996865563
0.010642537999956403
0.002839984001184348
0.012996197001484688
0.013697690003027674
0.015899393998552114
0.006689352001558291
3.2481999369338155e-05
0.009313557999121258
0.008619054002338089
0.003562811001756927
0.012559385999338701
0.005279827000777004
0.005484607998369029
0.013928934000432491
0.01266748900161474
0.005049962001066888
0.01270696700157714
0.01459060200068052
0.006305615999735892
0.004315041001973441
0.013520571999833919
0.0063333079997391906
0.013523941997846123
0.01426300499952049
0.0011278130004939158
0.001967463998880703
0.0016557419985474553
0.004497062000154983
0.006954602999030612
0.011712747000274248
0.000501413996971678
0.014543101999151986
0.0034903480009234045
0.011027810996893095
0.0012052390011376701
0.012519059000624111
0.007771414002490928
0.0017686819992377423
0.01442539599884185
0.0037021919997641817
0.010857134002435487
0.008864444000209915
0.011120528000901686
0.01417561000198475
0.012521804997959407
0.0049440179973316845
0.015765198000735836
0.0040237100001832005
0.003442367000388913
0.016576152000197908
0.013809629999741446
0.0024273369999718852
0.0052098110027145594
0.0056894869994721375
0.007303512000362389
0.004269784996722592
0.000351938000676455
0.012836190999223618
0.0020012389977637213
0.015167773999564815
0.013014915999519872
0.01142813100159401
0.014808037001785124
0.0001057840017892886
0.005031467000662815
0.011029395998775726
0.0047594170027878135
0.009908921998430742
0.013155100998119451
0.0021669720008503646
0.01377654799944139
0.009806205998756923
0.011019206998753361
0.012924717000714736
0.012918797998281661
0.007039317999442574
0.010946208996756468
0.009219574996677693
0.0003203150008630473
0.009169100001599872
0.007050965999951586
0.013638166998134693
0.012648870000703027
0.00042217699956381693
0.011257899001066107
0.017544276000990067
0.007115562999388203
0.0049434370012022555
0.009516558999166591
0.0034492779996071476
0.006587844000023324
0.008543993997591315
0.007705985997745302
0.0038319450031849556
0.010032420999777969
0.0020248719993105624
0.000815709001471987
0.003091757000220241
0.005278378001094097
0.006438647000322817
0.013526819999242434
0.011192600999493152
0.0026831350005522836
0.009149252000497654
0.0027200170006835833
0.007707303997449344
0.016091976998723112
0.0015659860000596382
0.008241321000241442
0.01391088799937279
0.001225302999955602
0.0033690980017127004
0.009920398999383906
0.009099570001126267
0.005677741002727998
0.007207835998997325
0.0018755509991024155
0.0036327670022728853
0.003555684997991193
0.011140354999952251
0.014682287997857202
0.012420615999872098
0.01453216400113888
0.001529389999632258
0.011831144001916982
0.01580318399646785
0.01060928999868338
0.001781994000339182
0.01148294800077565
0.010396649999165675
0.012636989002203336
0.015988898998330114
0.012396545000228798
0.007696460997976828
0.014022776998899644
0.01163232299950323
0.001991712997551076
0.0027856289998453576
0.0019963019985880237
0.00044788900049752556
0.0039081760005501565
0.005796944999019615
0.004409200002555735
0.0035305799974594265
0.0013807869981974363
0.011787487001129193
0.0011453769984655082
0.001363446001050761
0.01774189500065404
0.002271346002089558
0.007242318999487907
0.00525764800113393
0.013277678001031745
0.005154401998879621
0.0062492650031344965
0.0005515550001291558
0.0009686070006864611
0.002557791998697212
0.016284793000522768
0.0029066540009807795
0.0007412419981847052
0.011582107999856817
0.00822187700032373
0.013549326002248563
0.01254266700198059
0.015627898999809986
0.0019216459986637346
0.014126703001238639
0.0014617910019296687
0.0007262469989655074
0.0128122260030068
0.010398120997706428
0.010833544998604339
0.0072515530009695794
0.010778176998428535
0.009286496999266092
0.01735173199995188
0.013454814998112852
0.006961545001104241
0.0020167949987808242
0.00821747800000594
0.012450277998141246
0.010550091999903088
0.010708769001212204
0.00532015200224123
0.005202124997595092
0.0026144590010517277
0.00738234900200041
0.005477521997818258
0.012039072000334272
0.012699827999313129
0.004518169997027144
0.013106473998050205
0.014249133997509489
0.012957779999851482
0.010332229001505766
0.002060226001049159
0.003597178998461459
0.010592900001938688
0.013786742001684615
0.010141009999642847
0.013260357998660766
0.01326299900028971
0.007704867002757965
0.003090460999374045
0.0041878199990605935
0.004073529999004677
0.006306151997705456
0.01718652600175119
0.010002906001318479
0.010960340998281026
0.005171296998014441
0.0008802730008028448
0.010235732999717584
0.0091838509979425
0.012921094999910565
0.00240770100208465
0.0003814859992417041
0.0006144380022305995
0.008066931997745996
0.007708449000347173
0.008575389001634903
0.006452165998780401
0.0005039440002292395
0.006526731998746982
0.01478423600201495
0.0018688240015762858
0.010800916003063321
0.0014427440000872593
0.015730004997749347
0.007944565997604514
0.01590800499980105
0.0011566880020836834
0.009046638002473628
0.0031130579991440754
0.005794406999484636
0.004379922000225633
0.010034715000074357
0.006732822999765631
0.008763254001678433
0.01580970599752618
0.013373459998547332
0.0025857569999061525
0.014145711000310257
0.004232563002005918
0.0049285379973298404
0.014036728000064613
0.008136127999023302
0.01020267599960789
0.013945637001597788
0.006004837003274588
0.002609846997074783
0.00479348700173432
0.004704992999904789
0.005953694002528209
0.009382182000990724
0.014545336001901887
0.009712830000353279
0.009468616997764912
0.0015716599991719704
0.009541673000057926
0.005363918000512058
0.0008659110026201233
0.0003437609993852675
0.01203327799885301
0.009422106999409152
0.001153002001956338
0.009897818003082648
0.000424426998506533
0.011749820998375071
0.017003038999973796
0.001919877999171149
0.0029049400000076275
0.010157919001358096
0.01731056499920669
0.006604918002267368
0.005982329003018094
0.00013318200217327103
0.017435788999137003
0.0050583940028445795
0.001975625000341097
0.00025036999795702286
0.005226220000622561
0.00047416799861821346
0.005765043002611492
0.007263627001520945
0.009328595999249956
0.013244182999187615
0.0036531260011543054
0.009926001002895646
0.004647013000067091
0.014543730001605581
0.004892905002634507
0.008812304000457516
0.003773929001908982
0.0008183739992091432
0.0018440219973854255
0.0002826490017469041
0.009873735001747264
0.005181424003239954
0.00364697300028638
0.0061920389998704195
0.013048729997535702
0.013057308002316859
0.015342307997343596
0.014660270000604214
0.009701062997919507
0.0015439590024470817
0.005132198999490356
0.009688066998933209
0.007477651000954211
0.010611092002363876
0.005801987001177622
0.012004809999780264
0.005451813998661237
0.005336690002877731
0.000150881998706609
0.012640612996619893
0.007735906001471449
0.014958551000745501
0.012557459998788545
0.002931577000708785
0.0012838820002798457
0.009040253000421217
0.007098392998159397
0.00402589499935857
0.0026936920003208797
0.002326976002223091
0.013441885999782244
0.013035258998570498
0.01022309700056212
0.00456426399978227
0.009307127002102789
0.015215490999253234
0.0011400189978303388
0.013688461000128882
0.013437387999147177
0.0013170579986763187
0.00029884700052207336
0.007142636000935454
0.0047497039995505475
0.006351369000185514
0.009208929001033539
0.012859007001679856
0.015474839001399232
0.0007842220002203248
0.015755786997033283
0.009129188001679722
0.0087350729991158
0.008457350002572639
0.009115973000007216
0.009691639999800827
0.004431798999576131
0.0001644869989831932
0.0003432570010772906
0.012030404999677557
0.00021233300140011124
0.012715332999505335
0.008049562999076443
0.0014290420003817417
0.001236479998624418
0.009329044001788134
0.01535690499804332
0.004524492000200553
0.012565896002342924
0.00032428499980596825
0.0033672230019874405
0.0012702029998763464
0.0009324579987151083
0.014052212001843145
0.0052203730010660365
0.001630850998481037
0.016932409002038185
0.010023971997725312
0.012376564998703543
0.004460209001990734
0.008704039002623176
0.008270595000794856
0.0024826510016282555
0.01471883100020932
0.01066863999949419
0.015645103998394916
0.004355127999588149
0.013967091999802506
0.009351507997052977
0.008235737001086818
0.0044340309977997094
0.0012052960009896196
0.003613379998569144
0.00218880299871671
0.012082033001206582
0.00997451700095553
0.015662000001611887
0.010979442999087041
0.009319173997937469
0.013766834999842104
0.003249538000090979
0.0015958420008246321
0.013368715000979137
0.0037722519991802983
0.01353419899896835
0.015206662999844411
0.004922500000247965
0.005773471999418689
0.0002903240019804798
0.00682956499804277
0.008379925002373056
0.010873326998989796
0.006899419000546914
0.0014227899991965387
0.009103471998969326
0.0018998129999090452
0.010801971999171656
0.011752082999009872
0.014795789000345394
0.010944537003524601
0.012028247998387087
0.0013473310027620755
0.015522137997322716
0.013711551000596955
0.004442761000973405
0.012594411000463879
0.01723120899987407
0.012498109001171542
0.008548655001504812
0.012611963000381365
0.007327070001338143
0.006287904998316662
0.010795157002576161
0.004248045999702299
0.0006722599973727483
0.00024019199918257073
0.008641192001960007
0.0027252660001977347
0.006989877998421434
0.017769138001312967
0.011464376999356318
0.003118292999715777
0.0010966390000248794
0.009627308998460649
0.00971340799878817
0.001997580002353061
0.0009356779992231168
3.78520016965922e-05
0.016364371000236133
0.013995487002830487
0.001282989000173984
0.016743279997172067
0.001444434001314221
0.0018940419977298006
0.011609557001065696
0.014218542000890011
0.0074590510012058076
0.009805573001358425
0.009244658001989592
0.007826842000213219
0.014662686000519898
0.010923859001195524
0.008849267000186956
0.008047259998420486
0.012272077998204622
0.01171876900116331
0.00471780000225408
0.004606706999766175
0.010366299000452273
0.004447604998858878
0.003753037999558728
0.0004196379995846655
0.011027780001313658
0.014267984002799494
0.003548788001353387
0.008905685997888213
0.0015924350009299815
0.000494313000672264
0.003201231000275584
0.01566601000013179
0.002986792998854071
0.01074288099698606
0.003753723001864273
0.009859320998657495
0.012375356000120519
0.0069096770021133125
0.015099821001058444
0.013913951999711571
0.00787967499854858
0.014385861002665479
0.013728550999076106
0.00039842199839768
0.0015930179979477543
0.0023358440012088977
0.0037577539987978525
0.0006864930001029279
0.009553798998240381
0.00349269800062757
0.00041201799831469543
0.00220890000127838
0.015040982998471009
0.0006284640003286768
0.006398629000614164
0.007780220003041904
0.006951442999707069
0.010403565000160597
0.006530120001116302
0.003940634000173304
0.007852923998143524
0.007386782999674324
0.00594890400316217
0.015510409000853542
0.0031245210011547897
0.0005250059984973632
0.001211500999488635
0.011717872999724932
0.015411051001137821
0.0017207969976880122
0.011498315001517767
0.016839236002851976
0.009184047998132883
0.013985825000418117
0.011427002998971147
0.011034787999960827
0.0005591440021817107
0.01390046800224809
0.005068610000307672
0.009332980000181124
0.010309703000530135
3.2590000046184286e-05
0.004985393999959342
0.008821503000945086
0.016835069000080694
0.010912204001215287
0.0004607919981935993
0.008983735999208875
0.0034403130011924077
0.0007732480007689446
0.010632631001499249
0.001944155003002379
0.00664660999973421
0.0011652579996734858
0.00580800699754036
0.00039417400330421515
0.007096110999555094
0.012481185000069672
0.0003499079975881614
0.012849135000578826
0.00918068800092442
0.015123721001145896
0.009194074002152774
0.011883194998517865
0.016440150000562426
0.016592665000644047
0.004456428003322799
0.008218727001803927
0.012173945000540698
0.0020186430010653567
0.014368042000569403
0.007492996999644674
0.005591752000327688
0.0014396400001714937
0.0043482680011948105
0.009739476998220198
0.004754673998832004
0.0016246410013991408
0.000784828000178095
0.0034200699992652517
0.010227020997263025
0.009940390998963267
0.009056543996848632
0.013038459997915197
0.006326195001747692
0.011957169001107104
0.0014210509980330244
0.011639995998848462
0.00026372200227342546
0.006874193997646216
0.017014547000144375
0.01563453800190473
0.0031737230019643903
0.014256058999308152
0.005532334002054995
0.01661443299963139
0.006410691999917617
0.005011886001739185
0.0002118720003636554
0.007968976999109145
0.001096806001442019
0.01184579499749816
0.016657365998980822
0.0005345310019038152
0.0026745649993245024
0.01476437800010899
0.01304240800163825
0.008301582998683443
0.0029254190012579784
0.01341186299760011
0.014526679002301535
0.01741575800042483
0.003354732001753291
0.01338105000104406
0.014491309000732144
0.017055070002243156
0.01453237299938337
8.193500252673402e-05
0.0063267850018746685
0.001428414001566125
5.0706999900285155e-05
0.006144095001218375
0.01659790999838151
0.011148391000460833
0.0004305459988245275
0.007040786997094983
0.013067218002106529
0.015350620000390336
0.01429851800276083
0.009821768002439057
0.003724099002283765
0.014366985997185111
0.015222838999761734
0.010467599000548944
0.013861211002222262
0.0009170369994535577
0.01473855499716592
0.010490295000636252
0.012070278000464896
0.0010484430022188462
0.010210042000835529
0.009972868996555917
0.015722980999271385
0.008171919002052164
0.014417488000617595
0.015941525001835544
0.008039424999878975
0.007712670001637889
0.01241267300065374
0.006648116002907045
0.004848173000937095
0.010479356998985168
0.013741979000769788
0.0033310879989585374
0.0016229430002567824
0.009347499002615223
0.012146026001573773
0.006844690997240832
0.0064658869996492285
0.017053781000868184
0.015108248000615276
0.011141980001411866
0.0019152460008626804
0.0031040529975143727
0.0019871900003636256
0.006603935002203798
0.0002932800016424153
0.015232335001201136
0.011614619001193205
0.011617554002441466
0.0009172129975922871
0.004865687998972135
0.015873398999247
0.009435803000087617
0.006257924000237836
0.009755105998920044
0.0018827700005203951
0.011344683996867388
0.007772793000185629
0.006853314000181854
0.008219365001423284
0.016302036001434317
0.0092520809994312
0.0027505139987624716
0.00972022600035416
5.222199979471043e-05
0.006446832001529401
0.0004788269980053883
0.007257748999109026
0.015398193001601612
0.011083785000664648
0.0010754699978861026
0.014314694999484345
0.002412548001302639
0.013748162000410957
0.007893771002272842
0.007184733000030974
0.0014663670008303598
0.001808880999305984
0.014371695997397183
0.01740652999797021
0.013590820002718829
0.012274904001969844
0.0024616069968033116
0.007654649998585228
0.010110916999110486
0.0047037149997777306
0.01368248599828803
0.007684430998779135
0.014299050999397878
0.0026114200009033084
0.013024894000409404
0.0025277309978264384
0.00683347299855086
0.007028162999631604
0.013304046999110142
0.005802436997328186
0.0016134540019265842
0.014395573001820594
0.012902614998893114
0.0025755669994396158
0.012502231998951174
0.006789085000491468
0.007333436002227245
0.01699827500124229
0.013489269000274362
0.01478684099856764
0.0073099319997709244
0.01475920099983341
0.01061384700005874
0.0010157569995499216
0.010016588999860687
0.013782522997644264
0.014928656000847695
0.012003906998870661
0.006205850000696955
0.005830543999763904
0.013792860998364631
0.007770394000544911
0.000838858999486547
0.015204585000901716
0.007918845996755408
0.005050281000876566
0.0037258029988151975
0.01244807100010803
0.001666080999711994
0.01284016199861071
0.011757650001527509
0.016962028999842005
0.01511159399888129
0.01584207499763579
0.014604478998080594
0.014138632999674883
0.0032257739985652734
0.004001122997578932
0.008241266001277836
0.01510256199981086
0.009645346999604953
0.008525702000042656
0.0031233150002663024
0.015072931000759127
0.002939353002147982
0.005649140999594238
0.009827338999457425
0.016117043000122067
0.013293064999743365
0.005090741000458365
0.006071061001421185
0.010392411997599993
0.003112817998044193
0.01729069800057914
0.01527867499680724
0.01648260699948878
0.014790379998885328
0.0031010849997983314
0.01678081299905898
0.014814382000622572
0.0019810279991361313
0.0022065980010665953
0.006441186000301968
0.002331304000108503
0.014909392997651594
0.012427393001416931
0.0074113939990638755
0.010547394998866366
0.016902281997317914
0.012283549000130733
0.006599519998417236
0.00019614600023487583
0.0010214860012638383
0.018271149001520826
0.000998239000182366
0.012154620999353938
0.011379858002328547
0.013006552999286214
0.015471949001948815
0.014175411000906024
0.0007174980019044597
0.01795384599972749
0.00816404899887857
0.013018901998293586
0.009241136998753063
0.011518693001562497
0.007069473002047744
0.002406145998975262
0.012548039998364402
0.007712505001109093
0.015786122999998042
0.006590053999389056
0.009636635997594567
0.012868181998783257
0.0012842679971072357
0.014126543999736896
0.0033028739999281242
0.001903217998915352
0.003044928998860996
0.0021112639988132287
0.007529985003202455
0.01641910200123675
0.0007443570029863622
0.001744552999298321
0.00825840200195671
0.005841623999003787
0.016430061998107703
0.017137703001935733
0.006493771001260029
0.014342964997922536
0.005357191002985928
0.0016436389996670187
0.013400755000475328
0.007978859001013916
0.015468957997654798
0.007376112000201829
0.0013975699985167012
0.010214297999482369
0.017688530999294017
0.003507408997393213
0.007301106998056639
0.007382603998848936
0.00270451299729757
0.0062775990008958615
0.002073493000352755
0.011505388996738475
0.008899993998056743
0.010047720999864396
0.007871716003137408
0.011789093998231692
0.009382176001963671
0.00538692099871696
0.0003387579999980517
0.012205992999952286
0.008316056999319699
0.006057343001884874
0.0015504129987675697
0.01244524700086913
0.0012643470035982318
0.0027986390014120843
0.004783054002473364
0.010510273998079356
0.012598156001331517
0.015530627999396529
0.010362026001530467
0.00396497499968973
0.00788893600110896
0.006238131998543395
0.013271479998365976
0.008498012000927702
6.524699711007997e-05
0.0013263900000310969
0.004148202002397738
0.00977071600209456
0.007325946997298161
0.008694206997461151
0.004069251001055818
0.002406911000434775
0.01481779300229391
0.00012714500189758837
0.016280129999358905
0.010436767999635777
0.006032825000147568
0.0001223520011990331
0.002152614000806352
0.005128545002662577
0.0006286110001383349
0.013571030998718925
0.007134023999242345
0.011987911999312928
0.0048805980004544836
0.00265348899847595
0.011706557001161855
0.006018308999045985
0.011377591999917058
0.016283623001072556
0.00884439299989026
0.005741212000430096
0.0050507019986980595
0.01331511600074009
0.013375650996749755
0.01096668399986811
0.0021503600000869483
0.008062728997174418
0.007239554997795494
0.015359144999820273
0.013783193000563188
0.004108887998881983
0.015430871000717161
0.009249242997611873
0.002584900001238566
0.01121074999900884
0.012258787999599008
0.0014526539998769294
0.008698273999470985
